{
 "cells": [
  {
   "cell_type": "code",
   "execution_count": 69,
   "id": "72553279",
   "metadata": {},
   "outputs": [
    {
     "name": "stdout",
     "output_type": "stream",
     "text": [
      "gstiff\n",
      "[[ 3461538.46153846        0.         -1442307.69230769   865384.61538462\n",
      "         0.         -1875000.         -2019230.76923077  1009615.38461538]\n",
      " [       0.          6274038.46153846  1009615.38461538  -504807.69230769\n",
      "  -1875000.                0.           865384.61538462 -5769230.76923077]\n",
      " [-1442307.69230769  1009615.38461538  3461538.46153846 -1875000.\n",
      "  -2019230.76923077   865384.61538462        0.                0.        ]\n",
      " [  865384.61538462  -504807.69230769 -1875000.          6274038.46153846\n",
      "   1009615.38461538 -5769230.76923077        0.                0.        ]\n",
      " [       0.         -1875000.         -2019230.76923077  1009615.38461538\n",
      "   3461538.46153846        0.         -1442307.69230769   865384.61538462]\n",
      " [-1875000.                0.           865384.61538462 -5769230.76923077\n",
      "         0.          6274038.46153846  1009615.38461538  -504807.69230769]\n",
      " [-2019230.76923077   865384.61538462        0.                0.\n",
      "  -1442307.69230769  1009615.38461538  3461538.46153846 -1875000.        ]\n",
      " [ 1009615.38461538 -5769230.76923077        0.                0.\n",
      "    865384.61538462  -504807.69230769 -1875000.          6274038.46153846]]\n",
      "free displacements is [[7.11111747e-06]\n",
      " [1.11517786e-06]\n",
      " [6.53122498e-06]\n",
      " [4.46071143e-08]]\n",
      "All displacements is [[0.00000000e+00]\n",
      " [0.00000000e+00]\n",
      " [7.11111747e-06]\n",
      " [1.11517786e-06]\n",
      " [6.53122498e-06]\n",
      " [4.46071143e-08]\n",
      " [0.00000000e+00]\n",
      " [0.00000000e+00]]\n",
      "reactions at 1st node\n",
      "[[-9.375    ]\n",
      " [-5.6295036]]\n",
      "reactions at 2nd node\n",
      "[[-9.375    ]\n",
      " [ 5.6295036]]\n",
      "stress in element 1\n",
      "[[3014.41152922]\n",
      " [ 904.32345877]\n",
      " [   7.20576461]]\n",
      "principle stresss are [[3014.43613599]],[[904.298852]]\n",
      "principle angle is 0.19565699028690783\n",
      "stress in element 2\n",
      "[[2985.58847078]\n",
      " [  -3.60288231]\n",
      " [  -7.20576461]]\n",
      "principle stresss are [[2985.60584094]],[[-3.62025247]]\n",
      "principle angle is -0.13811651809490436\n"
     ]
    }
   ],
   "source": [
    "import numpy as np\n",
    "ndcon=np.array([[1,3,4],[1,2,3]])\n",
    "x=[0,0.5,0.5,0]\n",
    "y=[0,0,0.25,0.25]\n",
    "E=210e6\n",
    "NU=0.3\n",
    "t=0.025\n",
    "ndofn=2\n",
    "nodes = len(x)\n",
    "tdofs = nodes*ndofn\n",
    "gstiff = np.zeros([tdofs,tdofs])\n",
    "T=np.zeros([2,3,6])\n",
    "D=(E/(1-NU**2))*np.array([[1,NU,0],[NU,1,0],[0,0,0.5*(1-NU)]])\n",
    "ielem=0\n",
    "while ielem < 2:\n",
    "    x1 =x[ndcon[ielem][0]-1]\n",
    "    x2 =x[ndcon[ielem][1]-1]  \n",
    "    x3 =x[ndcon[ielem][2]-1]\n",
    "    y1 =y[ndcon[ielem][0]-1]\n",
    "    y2 =y[ndcon[ielem][1]-1]\n",
    "    y3 =y[ndcon[ielem][2]-1]\n",
    "    p=np.array([[1,x1,y1],[1,x2,y2],[1,x3,y3]])\n",
    "    A=0.5*np.linalg.det(p)\n",
    "    B=np.array([[y2-y3,0,y3-y1,0,y1-y2,0],[0,x3-x2,0,x1-x3,0,x2-x1],[x3-x2,y2-y3,x1-x3,y3-y1,x2-x1,y1-y2]])/(2*A)\n",
    "    T[ielem]=B\n",
    "    K1=A*t*np.transpose(B).dot(D).dot(B)\n",
    "    inode =0\n",
    "    gbdof=[]\n",
    "    while inode < 3:\n",
    "        idofn=1\n",
    "        while idofn <= ndofn:\n",
    "            gbdof.append((ndcon[ielem,inode]-1)*ndofn+idofn)\n",
    "            idofn += 1\n",
    "        inode += 1\n",
    "    i = 0\n",
    "    if i == 0:\n",
    "        gstiff[gbdof[i]-1,gbdof[i]-1]=gstiff[gbdof[i]-1,gbdof[i]-1] + K1[0,0]\n",
    "        gstiff[gbdof[i]-1,gbdof[i+1]-1]=gstiff[gbdof[i]-1,gbdof[i+1]-1] + K1[0,1]\n",
    "        gstiff[gbdof[i]-1,gbdof[i+2]-1]=gstiff[gbdof[i]-1,gbdof[i+2]-1] + K1[0,2]\n",
    "        gstiff[gbdof[i]-1,gbdof[i+3]-1]=gstiff[gbdof[i]-1,gbdof[i+3]-1] + K1[0,3]\n",
    "        gstiff[gbdof[i]-1,gbdof[i+4]-1]=gstiff[gbdof[i]-1,gbdof[i+4]-1] + K1[0,4]\n",
    "        gstiff[gbdof[i]-1,gbdof[i+5]-1]=gstiff[gbdof[i]-1,gbdof[i+5]-1] + K1[0,5]\n",
    "    i = 1\n",
    "    if i == 1:\n",
    "        gstiff[gbdof[i]-1,gbdof[i-1]-1]=gstiff[gbdof[i]-1,gbdof[i-1]-1] + K1[1,0]\n",
    "        gstiff[gbdof[i]-1,gbdof[i]-1]=gstiff[gbdof[i]-1,gbdof[i]-1]     + K1[1,1]\n",
    "        gstiff[gbdof[i]-1,gbdof[i+1]-1]=gstiff[gbdof[i]-1,gbdof[i+1]-1] + K1[1,2]\n",
    "        gstiff[gbdof[i]-1,gbdof[i+2]-1]=gstiff[gbdof[i]-1,gbdof[i+2]-1] + K1[1,3]\n",
    "        gstiff[gbdof[i]-1,gbdof[i+3]-1]=gstiff[gbdof[i]-1,gbdof[i+3]-1] + K1[1,4]\n",
    "        gstiff[gbdof[i]-1,gbdof[i+4]-1]=gstiff[gbdof[i]-1,gbdof[i+4]-1] + K1[1,5]\n",
    "    i = 2\n",
    "    if i == 2:\n",
    "        gstiff[gbdof[i]-1,gbdof[i-2]-1]=gstiff[gbdof[i]-1,gbdof[i-2]-1] + K1[2,0]\n",
    "        gstiff[gbdof[i]-1,gbdof[i-1]-1]=gstiff[gbdof[i]-1,gbdof[i-1]-1] + K1[2,1]\n",
    "        gstiff[gbdof[i]-1,gbdof[i]-1]=gstiff[gbdof[i]-1,gbdof[i]-1]     + K1[2,2]\n",
    "        gstiff[gbdof[i]-1,gbdof[i+1]-1]=gstiff[gbdof[i]-1,gbdof[i+1]-1] + K1[2,3]\n",
    "        gstiff[gbdof[i]-1,gbdof[i+2]-1]=gstiff[gbdof[i]-1,gbdof[i+2]-1] + K1[2,4]\n",
    "        gstiff[gbdof[i]-1,gbdof[i+3]-1]=gstiff[gbdof[i]-1,gbdof[i+3]-1] + K1[2,5]\n",
    "    i = 3 \n",
    "    if i == 3:\n",
    "        gstiff[gbdof[i]-1,gbdof[i-3]-1]=gstiff[gbdof[i]-1,gbdof[i-3]-1] + K1[3,0]\n",
    "        gstiff[gbdof[i]-1,gbdof[i-2]-1]=gstiff[gbdof[i]-1,gbdof[i-2]-1] + K1[3,1]\n",
    "        gstiff[gbdof[i]-1,gbdof[i-1]-1]=gstiff[gbdof[i]-1,gbdof[i-1]-1] + K1[3,2]\n",
    "        gstiff[gbdof[i]-1,gbdof[i]-1]=gstiff[gbdof[i]-1,gbdof[i]-1]     + K1[3,3]\n",
    "        gstiff[gbdof[i]-1,gbdof[i+1]-1]=gstiff[gbdof[i]-1,gbdof[i+1]-1] + K1[3,4]\n",
    "        gstiff[gbdof[i]-1,gbdof[i+2]-1]=gstiff[gbdof[i]-1,gbdof[i+2]-1] + K1[3,5]\n",
    "    i = 4 \n",
    "    if i == 4:\n",
    "        gstiff[gbdof[i]-1,gbdof[i-4]-1]=gstiff[gbdof[i]-1,gbdof[i-4]-1] + K1[4,0]\n",
    "        gstiff[gbdof[i]-1,gbdof[i-3]-1]=gstiff[gbdof[i]-1,gbdof[i-3]-1] + K1[4,1]\n",
    "        gstiff[gbdof[i]-1,gbdof[i-2]-1]=gstiff[gbdof[i]-1,gbdof[i-2]-1] + K1[4,2]\n",
    "        gstiff[gbdof[i]-1,gbdof[i-1]-1]=gstiff[gbdof[i]-1,gbdof[i-1]-1]  + K1[4,3]\n",
    "        gstiff[gbdof[i]-1,gbdof[i]-1]=gstiff[gbdof[i]-1,gbdof[i]-1] + K1[4,4]\n",
    "        gstiff[gbdof[i]-1,gbdof[i+1]-1]=gstiff[gbdof[i]-1,gbdof[i+1]-1] + K1[4,5]   \n",
    "    i = 5 \n",
    "    if i == 5:\n",
    "        gstiff[gbdof[i]-1,gbdof[i-5]-1]=gstiff[gbdof[i]-1,gbdof[i-5]-1] + K1[5,0]\n",
    "        gstiff[gbdof[i]-1,gbdof[i-4]-1]=gstiff[gbdof[i]-1,gbdof[i-4]-1] + K1[5,1]\n",
    "        gstiff[gbdof[i]-1,gbdof[i-3]-1]=gstiff[gbdof[i]-1,gbdof[i-3]-1] + K1[5,2]\n",
    "        gstiff[gbdof[i]-1,gbdof[i-2]-1]=gstiff[gbdof[i]-1,gbdof[i-2]-1]  + K1[5,3]\n",
    "        gstiff[gbdof[i]-1,gbdof[i-1]-1]=gstiff[gbdof[i]-1,gbdof[i-1]-1] + K1[5,4]\n",
    "        gstiff[gbdof[i]-1,gbdof[i]-1]=gstiff[gbdof[i]-1,gbdof[i]-1] + K1[5,5]   \n",
    "    \n",
    "    ielem += 1\n",
    "print(\"gstiff\")    \n",
    "print(gstiff)\n",
    "b=np.delete(gstiff,[0,1,6,7],0)\n",
    "c=np.delete(b,[0,1,6,7],1)\n",
    "f=np.matrix('9.375;0;9.375;0')\n",
    "u = np.linalg.inv(c).dot(f)\n",
    "print(\"free displacements is %s\" % u)\n",
    "U=np.zeros([tdofs,1])\n",
    "i=0\n",
    "while i<4:\n",
    "    U[i+2][0]=u[i][0]\n",
    "    i +=1\n",
    "print(\"All displacements is %s\" % U) \n",
    "f= gstiff[0:2].dot(U)\n",
    "print(\"reactions at 1st node\")\n",
    "print(f)\n",
    "f2= gstiff[6:8].dot(U)\n",
    "print(\"reactions at 2nd node\")\n",
    "print(f2)\n",
    "ielem=0\n",
    "while ielem < 2: \n",
    "    stress=D.dot(T[ielem]).dot(np.matrix([U[ndcon[ielem][0]*2-2],U[ndcon[ielem][0]*2-1],U[ndcon[ielem][1]*2-2],U[ndcon[ielem][1]*2-1],U[ndcon[ielem][2]*2-2],U[ndcon[ielem][2]*2-1]]))\n",
    "    print(\"stress in element %s\" % (ielem+1)) \n",
    "    print(stress)\n",
    "    p1=(stress[0]+stress[1])/2+mt.sqrt(((stress[0]-stress[1])/2)**2+stress[2]**2)\n",
    "    p2=(stress[0]+stress[1])/2-mt.sqrt(((stress[0]-stress[1])/2)**2+stress[2]**2)\n",
    "    print(\"principle stresss are %s,%s\" %(p1,p2))\n",
    "    print(\"principle angle is %s\" % (mt.atan(2*stress[2]/(stress[0]-stress[1]))*90/mt.pi) )\n",
    "    ielem +=1 \n",
    "\n",
    "    "
   ]
  },
  {
   "cell_type": "code",
   "execution_count": null,
   "id": "dab90541",
   "metadata": {},
   "outputs": [],
   "source": []
  },
  {
   "cell_type": "code",
   "execution_count": null,
   "id": "cef4dec5",
   "metadata": {},
   "outputs": [],
   "source": []
  }
 ],
 "metadata": {
  "kernelspec": {
   "display_name": "Python 3",
   "language": "python",
   "name": "python3"
  },
  "language_info": {
   "codemirror_mode": {
    "name": "ipython",
    "version": 3
   },
   "file_extension": ".py",
   "mimetype": "text/x-python",
   "name": "python",
   "nbconvert_exporter": "python",
   "pygments_lexer": "ipython3",
   "version": "3.8.8"
  }
 },
 "nbformat": 4,
 "nbformat_minor": 5
}
