{
 "cells": [
  {
   "cell_type": "code",
   "execution_count": 2,
   "metadata": {},
   "outputs": [],
   "source": [
    "import numpy as np\n",
    "\n",
    "E=210e6 \n",
    "mu=0.3\n",
    "t=0.025 \n",
    "w=3000 \n",
    "\n",
    "nodes=np.array([[0,0],[0.5,0],[0.5,0.25],[0,0.25],[0.25,0.125]])\n",
    "Connections=np.array([[1,5,4],[5,3,4],[5,2,3],[1,2,5]])-1     \n",
    "no_of_elements=Connections.shape[0]\n",
    "no_of_dof=nodes.shape[0]*2\n",
    "dofs=np.array([(1,2),(3,4),(5,6),(7,8),(9,10)])-1\n",
    "dof_seq=np.array([1,2,7,8,3,4,5,6,9,10])-1\n",
    "free_dof=6 \n",
    "Elenodes=np.ndarray((no_of_elements, 3,2))  \n",
    "for i in range(Connections.shape[0]):\n",
    "    for j in range(Connections.shape[1]):\n",
    "        Elenodes[i,j,0]=nodes[Connections[i][j]][0]\n",
    "        Elenodes[i,j,1]=nodes[Connections[i][j]][1]\n",
    "        \n",
    "###Cacculates the individual element stiffness matrix of a traingular element\n",
    "\n",
    "def LinearTriangleElementStiffness(E,mu,t,p,EleNumber=1):\n",
    "    \n",
    "    xi,yi,xj,yj,xm,ym=Elenodes[i].flatten()\n",
    "    A = (xi*(yj-ym)+ xj*(ym-yi) + xm*(yi-yj))/2\n",
    "    bi = yj-ym\n",
    "    bj = ym-yi\n",
    "    bm = yi-yj\n",
    "    gi = xm-xj\n",
    "    gj = xi-xm\n",
    "    gm = xj-xi\n",
    "    B=np.asarray([[bi, 0 ,bj, 0, bm, 0],\n",
    "                  [0, gi, 0, gj, 0 ,gm],\n",
    "                  [gi,bi,gj,bj,gm,bm]])\n",
    "\n",
    "    B=B*(1/(2*A))\n",
    "    if p==1:                                              #plane stress condition\n",
    "        D=(E/(1-mu*mu))*np.asarray([[1,mu,0],[mu,1,0],[0,0,(1-mu)/2]])\n",
    "    elif p==2:                                             #plane strain condition\n",
    "        D=(E/((1+mu)*(1-2*mu)))*np.asarray([[1-mu,mu,0],[mu,1-mu,0],[0,0,(1-2*mu)/2]])\n",
    "    \n",
    "    return t*A*np.dot(B.T,np.dot(D,B))\n",
    "\n",
    "\n"
   ]
  },
  {
   "cell_type": "code",
   "execution_count": 6,
   "metadata": {},
   "outputs": [
    {
     "name": "stdout",
     "output_type": "stream",
     "text": [
      "\n",
      "------Element Stifness Matrix-------:=\n",
      " [[[ 1730769.23076923   937500.         -1442307.69230769 -1009615.38461538  -288461.53846154    72115.38461538]\n",
      "  [  937500.          3137019.23076923  -865384.61538462  -504807.69230769   -72115.38461538 -2632211.53846154]\n",
      "  [-1442307.69230769  -865384.61538462  2884615.38461538        0.         -1442307.69230769   865384.61538462]\n",
      "  [-1009615.38461538  -504807.69230769        0.          1009615.38461538  1009615.38461538  -504807.69230769]\n",
      "  [ -288461.53846154   -72115.38461538 -1442307.69230769  1009615.38461538  1730769.23076923  -937500.        ]\n",
      "  [   72115.38461538 -2632211.53846154   865384.61538462  -504807.69230769  -937500.          3137019.23076923]]\n",
      "\n",
      " [[ 4038461.53846154        0.         -2019230.76923077 -1009615.38461538 -2019230.76923077  1009615.38461538]\n",
      "  [       0.         11538461.53846154  -865384.61538462 -5769230.76923077   865384.61538462 -5769230.76923077]\n",
      "  [-2019230.76923077  -865384.61538462  1730769.23076923   937500.           288461.53846154   -72115.38461538]\n",
      "  [-1009615.38461538 -5769230.76923077   937500.          3137019.23076923    72115.38461538  2632211.53846154]\n",
      "  [-2019230.76923077   865384.61538462   288461.53846154    72115.38461538  1730769.23076923  -937500.        ]\n",
      "  [ 1009615.38461538 -5769230.76923077   -72115.38461538  2632211.53846154  -937500.          3137019.23076923]]\n",
      "\n",
      " [[ 2884615.38461538        0.         -1442307.69230769   865384.61538462 -1442307.69230769  -865384.61538462]\n",
      "  [       0.          1009615.38461538  1009615.38461538  -504807.69230769 -1009615.38461538  -504807.69230769]\n",
      "  [-1442307.69230769  1009615.38461538  1730769.23076923  -937500.          -288461.53846154   -72115.38461538]\n",
      "  [  865384.61538462  -504807.69230769  -937500.          3137019.23076923    72115.38461538 -2632211.53846154]\n",
      "  [-1442307.69230769 -1009615.38461538  -288461.53846154    72115.38461538  1730769.23076923   937500.        ]\n",
      "  [ -865384.61538462  -504807.69230769   -72115.38461538 -2632211.53846154   937500.          3137019.23076923]]\n",
      "\n",
      " [[ 1730769.23076923   937500.           288461.53846154   -72115.38461538 -2019230.76923077  -865384.61538462]\n",
      "  [  937500.          3137019.23076923    72115.38461538  2632211.53846154 -1009615.38461538 -5769230.76923077]\n",
      "  [  288461.53846154    72115.38461538  1730769.23076923  -937500.         -2019230.76923077   865384.61538462]\n",
      "  [  -72115.38461538  2632211.53846154  -937500.          3137019.23076923  1009615.38461538 -5769230.76923077]\n",
      "  [-2019230.76923077 -1009615.38461538 -2019230.76923077  1009615.38461538  4038461.53846154        0.        ]\n",
      "  [ -865384.61538462 -5769230.76923077   865384.61538462 -5769230.76923077        0.         11538461.53846154]]]\n",
      "\n",
      "------Global Stifness Matrix-------:=\n",
      " [[ 3461538.46153846  1875000.           288461.53846154   -72115.38461538        0.                0.          -288461.53846154    72115.38461538 -3461538.46153846 -1875000.        ]\n",
      " [ 1875000.          6274038.46153846    72115.38461538  2632211.53846154        0.                0.           -72115.38461538 -2632211.53846154 -1875000.         -6274038.46153846]\n",
      " [  288461.53846154    72115.38461538  3461538.46153846 -1875000.          -288461.53846154   -72115.38461538        0.                0.         -3461538.46153846  1875000.        ]\n",
      " [  -72115.38461538  2632211.53846154 -1875000.          6274038.46153846    72115.38461538 -2632211.53846154        0.                0.          1875000.         -6274038.46153846]\n",
      " [       0.                0.          -288461.53846154    72115.38461538  3461538.46153846  1875000.           288461.53846154   -72115.38461538 -3461538.46153846 -1875000.        ]\n",
      " [       0.                0.           -72115.38461538 -2632211.53846154  1875000.          6274038.46153846    72115.38461538  2632211.53846154 -1875000.         -6274038.46153846]\n",
      " [ -288461.53846154   -72115.38461538        0.                0.           288461.53846154    72115.38461538  3461538.46153846 -1875000.         -3461538.46153846  1875000.        ]\n",
      " [   72115.38461538 -2632211.53846154        0.                0.           -72115.38461538  2632211.53846154 -1875000.          6274038.46153846  1875000.         -6274038.46153846]\n",
      " [-3461538.46153846 -1875000.         -3461538.46153846  1875000.         -3461538.46153846 -1875000.         -3461538.46153846  1875000.         13846153.84615384        0.        ]\n",
      " [-1875000.         -6274038.46153846  1875000.         -6274038.46153846 -1875000.         -6274038.46153846  1875000.         -6274038.46153846        0.         25096153.84615384]]\n"
     ]
    }
   ],
   "source": [
    "#calcaute individual element stiffness matrix and store it in single array km\n",
    "km=np.ndarray((no_of_elements,6,6))\n",
    "for i in range(no_of_elements):\n",
    "    km[i]=LinearTriangleElementStiffness(E,mu,t,1,EleNumber=i)\n",
    "\n",
    "print('\\n------Element Stifness Matrix-------:=\\n',km)\n",
    "\n",
    "# GOLABL MATRIX\n",
    "K = np.zeros((8, 8))\n",
    "def LinearTriangleAssemble(K :np.ndarray, k, nodes):\n",
    "    i,j,m=nodes\n",
    "    \n",
    "    K[2*i-1-1, 2*i-1-1] = K[2*i-1-1, 2*i-1-1] + k[1-1, 1-1]\n",
    "    K[2*i-1-1, 2*i-1] = K[2*i-1-1,  2*i-1] + k[1-1, 2-1]\n",
    "    K[2*i-1-1, 2*j-1-1] = K[2*i-1-1,  2*j-1-1] + k[1-1, 3-1]\n",
    "    K[2*i-1-1,  2*j-1] = K[2*i-1-1,  2*j-1] + k[1-1, 4-1]\n",
    "    K[2*i-1-1,  2*m-1-1] = K[2*i-1-1,  2*m-1-1] + k[1-1, 5-1]\n",
    "    K[2*i-1-1,  2*m-1] = K[2*i-1-1,  2*m-1] + k[1-1, 6-1]\n",
    "    K[2*i-1, 2*i-1-1] = K[2*i-1, 2*i-1-1] + k[2-1, 1-1]\n",
    "    K[2*i-1, 2*i-1] = K[2*i-1, 2*i-1] + k[2-1, 2-1]\n",
    "    K[2*i-1, 2*j-1-1] = K[2*i-1, 2*j-1-1] + k[2-1, 3-1]\n",
    "    K[2*i-1, 2*j-1] = K[2*i-1, 2*j-1] + k[2-1, 4-1]\n",
    "    K[2*i-1, 2*m-1-1] = K[2*i-1, 2*m-1-1] + k[2-1, 5-1]\n",
    "    K[2*i-1, 2*m-1] = K[2*i-1, 2*m-1] + k[2-1, 6-1]\n",
    "    K[2*j-1-1, 2*i-1-1] = K[2*j-1-1,  2*i-1-1] + k[3-1, 1-1]\n",
    "    K[2*j-1-1,  2*i-1] = K[2*j-1-1,  2*i-1] + k[3-1, 2-1]\n",
    "    K[2*j-1-1,  2*j-1-1] = K[2*j-1-1,  2*j-1-1] + k[3-1, 3-1]\n",
    "    K[2*j-1-1,  2*j-1] = K[2*j-1-1,  2*j-1] + k[3-1, 4-1]\n",
    "    K[2*j-1-1,  2*m-1-1] = K[2*j-1-1,  2*m-1-1] + k[3-1, 5-1]\n",
    "    K[2*j-1-1,  2*m-1] = K[2*j-1-1, 2*m-1] + k[3-1, 6-1]\n",
    "    K[2*j-1, 2*i-1-1] = K[2*j-1, 2*i-1-1] + k[4-1, 1-1]\n",
    "    K[2*j-1, 2*i-1] = K[2*j-1, 2*i-1] + k[4-1, 2-1]\n",
    "    K[2*j-1, 2*j-1-1] = K[2*j-1, 2*j-1-1] + k[4-1, 3-1]\n",
    "    K[2*j-1, 2*j-1] = K[2*j-1, 2*j-1] + k[4-1, 4-1]\n",
    "    K[2*j-1, 2*m-1-1] = K[2*j-1, 2*m-1-1] + k[4-1, 5-1]\n",
    "    K[2*j-1, 2*m-1] = K[2*j-1, 2*m-1] + k[4-1, 6-1]\n",
    "    K[2*m-1-1,  2*i-1-1] = K[2*m-1-1,  2*i-1-1] + k[5-1, 1-1]\n",
    "    K[2*m-1-1,  2*i-1] = K[2*m-1-1, 2*i-1] + k[5-1, 2-1]\n",
    "    K[2*m-1-1,  2*j-1-1] = K[2*m-1-1,  2*j-1-1] + k[5-1, 3-1]\n",
    "    K[2*m-1-1,  2*j-1] = K[2*m-1-1,  2*j-1] + k[5-1, 4-1]\n",
    "    K[2*m-1-1,  2*m-1-1] = K[2*m-1-1,  2*m-1-1] + k[5-1, 5-1]\n",
    "    K[2*m-1-1, 2*m-1] = K[2*m-1-1,  2*m-1] + k[5-1, 6-1]\n",
    "    K[2*m-1, 2*i-1-1] = K[2*m-1, 2*i-1-1] + k[6-1, 1-1]\n",
    "    K[2*m-1, 2*i-1] = K[2*m-1, 2*i-1] + k[6-1, 2-1]\n",
    "    K[2*m-1, 2*j-1-1] = K[2*m-1, 2*j-1-1] + k[6-1, 3-1]\n",
    "    K[2*m-1, 2*j-1] = K[2*m-1, 2*j-1] + k[6-1, 4-1]\n",
    "    K[2*m-1, 2*m-1-1] = K[2*m-1, 2*m-1-1] + k[6-1, 5-1]\n",
    "    K[2*m-1, 2*m-1] = K[2*m-1, 2*m-1] + k[6-1, 6-1]\n",
    "    \n",
    "    return K\n",
    "\n",
    "np.set_printoptions(linewidth=np.inf)\n",
    "KG=np.zeros((no_of_dof,no_of_dof))\n",
    "for i in range(no_of_elements):\n",
    "    nodes=Connections[i]+1\n",
    "    KG=LinearTriangleAssemble(KG,km[i],nodes)\n",
    "\n",
    "print('\\n------Global Stifness Matrix-------:=\\n',KG)"
   ]
  },
  {
   "cell_type": "code",
   "execution_count": 7,
   "metadata": {},
   "outputs": [
    {
     "name": "stdout",
     "output_type": "stream",
     "text": [
      "\n",
      "------Known nodal forces-------:=\n",
      " [[9.375]\n",
      " [0.   ]\n",
      " [9.375]\n",
      " [0.   ]\n",
      " [0.   ]\n",
      " [0.   ]]\n",
      "\n",
      "----------Unknown nodal disps----------:=\n",
      " [[ 6.92834261e-06]\n",
      " [ 7.13904355e-07]\n",
      " [ 6.92834261e-06]\n",
      " [-7.13904355e-07]\n",
      " [ 3.27082221e-06]\n",
      " [ 4.23516474e-22]]\n",
      "----------FORCES VECTOR(kN)-------------:=\n",
      " [[-9.375    ]\n",
      " [-3.7540043]\n",
      " [ 9.375    ]\n",
      " [ 0.       ]\n",
      " [ 9.375    ]\n",
      " [-0.       ]\n",
      " [-9.375    ]\n",
      " [ 3.7540043]\n",
      " [-0.       ]\n",
      " [ 0.       ]]\n"
     ]
    }
   ],
   "source": [
    "F=np.zeros((no_of_dof,))\n",
    "U=np.zeros((no_of_dof,))\n",
    "#Applying Boundary conditions\n",
    "U=np.zeros((no_of_dof,1))\n",
    "F=np.zeros((no_of_dof,1))\n",
    "#LOADING CONDITIONS\n",
    "F[2,0]=9.375\n",
    "F[3,0]=0\n",
    "F[4,0]=9.375\n",
    "F[5,0]=0\n",
    "F[8,0]=0\n",
    "F[9,0]=0\n",
    "dof_seq=np.array([3,4,5,6,9,10,1,2,7,8])-1 \n",
    "xx=free_dof\n",
    "#Matrix condensation\n",
    "Up=U[dof_seq[:xx],]\n",
    "Ux=U[dof_seq[xx:],] \n",
    "Fp=F[dof_seq[:xx],]\n",
    "Kpp=KG[np.ix_(dof_seq[:xx],dof_seq[:xx])]\n",
    "print('\\n------Known nodal forces-------:=\\n',Fp)\n",
    "Up=np.dot(np.linalg.inv(Kpp),Fp)\n",
    "print('\\n----------Unknown nodal disps----------:=\\n',Up)\n",
    "#Adding Calcuated unknown displacements to the main displacement vector\n",
    "U[dof_seq[:xx],]=Up\n",
    "#Calculating force\n",
    "F=np.dot(KG,U)\n",
    "print('----------FORCES VECTOR(kN)-------------:=\\n',np.round(F,7))\n",
    "##Array which contains displacement(nodal) of a traingular element as rows.\n",
    "u=np.ndarray((no_of_elements,6))\n",
    "for p in range(no_of_elements):\n",
    "    xi=dofs[Connections[p][0]][0]\n",
    "    yi=dofs[Connections[p][0]][1]\n",
    "    \n",
    "    xj=dofs[Connections[p][1]][0]\n",
    "    yj=dofs[Connections[p][1]][1]\n",
    "    \n",
    "    xm=dofs[Connections[p][2]][0]\n",
    "    ym=dofs[Connections[p][2]][1]\n",
    "    \n",
    "    u[p]=U[[xi,yi,xj,yj,xm,ym],].T\n",
    "    "
   ]
  },
  {
   "cell_type": "code",
   "execution_count": null,
   "metadata": {},
   "outputs": [],
   "source": [
    "#Element stresses\n",
    "def LinearTriangleElementStresses(E,mu,p=1,EleNumber=1):\n",
    "    xi,yi,xj,yj,xm,ym=Elenodes[i].flatten()\n",
    "    uu=u[EleNumber]\n",
    "    \n",
    "    A = (xi*(yj-ym)+ xj*(ym-yi) + xm*(yi-yj))/2\n",
    "    bi = yj-ym\n",
    "    bj = ym-yi\n",
    "    bm = yi-yj\n",
    "    gi = xm-xj\n",
    "    gj = xi-xm\n",
    "    gm = xj-xi\n",
    "    B=np.asarray([[bi, 0 ,bj, 0, bm, 0],\n",
    "                  [0, gi, 0, gj, 0 ,gm],\n",
    "                  [gi,bi,gj,bj,gm,bm]])\n",
    "\n",
    "    B=B*(1/(2*A))\n",
    "    \n",
    "    if p==1:                                    #plane stress condition\n",
    "        D=(E/(1-mu*mu))*np.asarray([[1,mu,0],\n",
    "                                    [mu,1,0],\n",
    "                                    [0,0,(1-mu)/2]])\n",
    "        \n",
    "    elif p==2:                                 #plane strain condition\n",
    "        D=(E/((1+mu)*(1-2*mu)))*np.asarray([[1-mu,mu,0],\n",
    "                                            [mu,1-mu,0],\n",
    "                                            [0,0,(1-2*mu)/2]])\n",
    "\n",
    "    return np.dot(D,np.dot(B,uu)).reshape(np.dot(D,np.dot(B,uu)).shape[0],1)\n",
    "\n"
   ]
  },
  {
   "cell_type": "code",
   "execution_count": 8,
   "metadata": {},
   "outputs": [
    {
     "name": "stdout",
     "output_type": "stream",
     "text": [
      "\n",
      "Stress:ELEMENT1\n",
      "\n",
      " [[3.01922050e+03]\n",
      " [9.05766151e+02]\n",
      " [1.36828399e-13]]\n",
      "\n",
      "Stress:ELEMENT2\n",
      "\n",
      " [[3000.        ]\n",
      " [ 300.3203417 ]\n",
      " [   9.61025093]]\n",
      "\n",
      "Stress:ELEMENT3\n",
      "\n",
      " [[2980.77949813]\n",
      " [-305.12546716]\n",
      " [   0.        ]]\n",
      "\n",
      "Stress:ELEMENT4\n",
      "\n",
      " [[3000.        ]\n",
      " [ 300.3203417 ]\n",
      " [  -9.61025093]]\n",
      "\n",
      "Principal Stress:=ELEMENT1\n",
      "\n",
      " [[3.01922050e+03]\n",
      " [9.05766151e+02]\n",
      " [3.70941998e-15]]\n",
      "\n",
      "Principal Stress:=ELEMENT2\n",
      "\n",
      " [[3.00003421e+03]\n",
      " [3.00286132e+02]\n",
      " [2.03956612e-01]]\n",
      "\n",
      "Principal Stress:=ELEMENT3\n",
      "\n",
      " [[2980.77949813]\n",
      " [-305.12546716]\n",
      " [   0.        ]]\n",
      "\n",
      "Principal Stress:=ELEMENT4\n",
      "\n",
      " [[ 3.00003421e+03]\n",
      " [ 3.00286132e+02]\n",
      " [-2.03956612e-01]]\n"
     ]
    }
   ],
   "source": [
    "# FUNCTION TO CALCUATE PRINCIPLE STRESSSES\n",
    "def LinearTriangleElementPStresses(sigma):\n",
    "    R = (sigma[0] + sigma[1])/2\n",
    "    Q = ((sigma[0] - sigma[1])/2)**2 + sigma[2]*sigma[2]\n",
    "    M = 2*sigma[2]/(sigma[0] - sigma[1])\n",
    "    s1 = R + np.sqrt(Q)\n",
    "    s2 = R - np.sqrt(Q)\n",
    "    theta = (np.arctan(M)/2)*180/np.pi\n",
    "    return np.asarray([s1 , s2 , theta])\n",
    "\n",
    "\n",
    "sigma=np.ndarray((no_of_elements,3,1))\n",
    "for i in range(no_of_elements):\n",
    "    sigma[i]=LinearTriangleElementStresses(E,mu,EleNumber=i)\n",
    "\n",
    "for i in range(no_of_elements):\n",
    "    print(f'\\nStress:ELEMENT{i+1}\\n\\n {sigma[i]}')\n",
    "\n",
    "prinStress=np.ndarray(sigma.shape)\n",
    "for i in range(no_of_elements):\n",
    "    prinStress[i]= LinearTriangleElementPStresses(sigma[i])\n",
    "# print(prinStress)\n",
    "\n",
    "for i in range(no_of_elements):\n",
    "    print(f'\\nPrincipal Stress:=ELEMENT{i+1}\\n\\n {prinStress[i]}')"
   ]
  },
  {
   "cell_type": "code",
   "execution_count": null,
   "metadata": {},
   "outputs": [],
   "source": []
  }
 ],
 "metadata": {
  "kernelspec": {
   "display_name": "Python 3",
   "language": "python",
   "name": "python3"
  },
  "language_info": {
   "codemirror_mode": {
    "name": "ipython",
    "version": 3
   },
   "file_extension": ".py",
   "mimetype": "text/x-python",
   "name": "python",
   "nbconvert_exporter": "python",
   "pygments_lexer": "ipython3",
   "version": "3.8.5"
  }
 },
 "nbformat": 4,
 "nbformat_minor": 4
}
