{
 "cells": [
  {
   "cell_type": "code",
   "execution_count": 31,
   "metadata": {},
   "outputs": [],
   "source": [
    "E=210e6 #kN/m^2\n",
    "mu=0.3\n",
    "t=0.025 #m\n",
    "w=3000 #kN/m^2"
   ]
  },
  {
   "cell_type": "code",
   "execution_count": 48,
   "metadata": {},
   "outputs": [],
   "source": [
    "import numpy as np\n",
    "#STEP1 Discretizing\n",
    "def LinearTriangleElementStiffness(E,mu,t,xi,yi,xj,yj,xm,ym,p):\n",
    "    A = (xi*(yj-ym)+ xj*(ym-yi) + xm*(yi-yj))/2\n",
    "    betai = yj-ym\n",
    "    betaj = ym-yi\n",
    "    betam = yi-yj\n",
    "    gammai = xm-xj\n",
    "    gammaj = xi-xm\n",
    "    gammam = xj-xi\n",
    "    B=np.asarray([[betai, 0 ,betaj, 0, betam, 0],[0, gammai, 0, gammaj, 0 ,gammam],[gammai,betai,gammaj,betaj,gammam,betam]])\n",
    "\n",
    "    B=B*(1/(2*A))\n",
    "    if p==1:\n",
    "        D=(E/(1-mu*mu))*np.asarray([[1,mu,0],[mu,1,0],[0,0,(1-mu)/2]])\n",
    "    elif p==2:\n",
    "        D=(E/((1+mu)*(1-2*mu)))*np.asarray([[1-mu,mu,0],[mu,1-mu,0],[0,0,(1-2*mu)/2]])\n",
    "    \n",
    "    return t*A*np.dot(B.T,np.dot(D,B))\n",
    "    \n",
    "\n"
   ]
  },
  {
   "cell_type": "code",
   "execution_count": 50,
   "metadata": {},
   "outputs": [
    {
     "name": "stdout",
     "output_type": "stream",
     "text": [
      "[[ 2019230.76923077        0.                0.         -1009615.38461538\n",
      "  -2019230.76923077  1009615.38461538]\n",
      " [       0.          5769230.76923077  -865384.61538462        0.\n",
      "    865384.61538462 -5769230.76923077]\n",
      " [       0.          -865384.61538462  1442307.69230769        0.\n",
      "  -1442307.69230769   865384.61538462]\n",
      " [-1009615.38461538        0.                0.           504807.69230769\n",
      "   1009615.38461538  -504807.69230769]\n",
      " [-2019230.76923077   865384.61538462 -1442307.69230769  1009615.38461538\n",
      "   3461538.46153846 -1875000.        ]\n",
      " [ 1009615.38461538 -5769230.76923077   865384.61538462  -504807.69230769\n",
      "  -1875000.          6274038.46153846]]\n"
     ]
    }
   ],
   "source": [
    "k1=LinearTriangleElementStiffness(E,mu,t,0,0,0.5,0.25,0,0.25,1)\n",
    "print(k1)"
   ]
  },
  {
   "cell_type": "code",
   "execution_count": 51,
   "metadata": {},
   "outputs": [
    {
     "name": "stdout",
     "output_type": "stream",
     "text": [
      "[[ 1442307.69230769        0.         -1442307.69230769   865384.61538462\n",
      "         0.          -865384.61538462]\n",
      " [       0.           504807.69230769  1009615.38461538  -504807.69230769\n",
      "  -1009615.38461538        0.        ]\n",
      " [-1442307.69230769  1009615.38461538  3461538.46153846 -1875000.\n",
      "  -2019230.76923077   865384.61538462]\n",
      " [  865384.61538462  -504807.69230769 -1875000.          6274038.46153846\n",
      "   1009615.38461538 -5769230.76923077]\n",
      " [       0.         -1009615.38461538 -2019230.76923077  1009615.38461538\n",
      "   2019230.76923077        0.        ]\n",
      " [ -865384.61538462        0.           865384.61538462 -5769230.76923077\n",
      "         0.          5769230.76923077]]\n"
     ]
    }
   ],
   "source": [
    "k2=LinearTriangleElementStiffness(E,mu,t,0,0,0.5,0,0.5,0.25,1)\n",
    "print(k2)"
   ]
  },
  {
   "cell_type": "code",
   "execution_count": 52,
   "metadata": {},
   "outputs": [],
   "source": [
    "#STEP 2 Assembling\n",
    "K = np.zeros((8, 8))\n",
    "\n",
    "\n",
    "def LinearTriangleAssemble(K :np.ndarray, k, i, j, m):\n",
    "    K[2*i-1-1, 2*i-1-1] = K[2*i-1-1, 2*i-1-1] + k[1-1, 1-1]\n",
    "    K[2*i-1-1, 2*i-1] = K[2*i-1-1,  2*i-1] + k[1-1, 2-1]\n",
    "    K[2*i-1-1, 2*j-1-1] = K[2*i-1-1,  2*j-1-1] + k[1-1, 3-1]\n",
    "    K[2*i-1-1,  2*j-1] = K[2*i-1-1,  2*j-1] + k[1-1, 4-1]\n",
    "    K[2*i-1-1,  2*m-1-1] = K[2*i-1-1,  2*m-1-1] + k[1-1, 5-1]\n",
    "    K[2*i-1-1,  2*m-1] = K[2*i-1-1,  2*m-1] + k[1-1, 6-1]\n",
    "    K[2*i-1, 2*i-1-1] = K[2*i-1, 2*i-1-1] + k[2-1, 1-1]\n",
    "    K[2*i-1, 2*i-1] = K[2*i-1, 2*i-1] + k[2-1, 2-1]\n",
    "    K[2*i-1, 2*j-1-1] = K[2*i-1, 2*j-1-1] + k[2-1, 3-1]\n",
    "    K[2*i-1, 2*j-1] = K[2*i-1, 2*j-1] + k[2-1, 4-1]\n",
    "    K[2*i-1, 2*m-1-1] = K[2*i-1, 2*m-1-1] + k[2-1, 5-1]\n",
    "    K[2*i-1, 2*m-1] = K[2*i-1, 2*m-1] + k[2-1, 6-1]\n",
    "    K[2*j-1-1, 2*i-1-1] = K[2*j-1-1,  2*i-1-1] + k[3-1, 1-1]\n",
    "    K[2*j-1-1,  2*i-1] = K[2*j-1-1,  2*i-1] + k[3-1, 2-1]\n",
    "    K[2*j-1-1,  2*j-1-1] = K[2*j-1-1,  2*j-1-1] + k[3-1, 3-1]\n",
    "    K[2*j-1-1,  2*j-1] = K[2*j-1-1,  2*j-1] + k[3-1, 4-1]\n",
    "    K[2*j-1-1,  2*m-1-1] = K[2*j-1-1,  2*m-1-1] + k[3-1, 5-1]\n",
    "    K[2*j-1-1,  2*m-1] = K[2*j-1-1, 2*m-1] + k[3-1, 6-1]\n",
    "    K[2*j-1, 2*i-1-1] = K[2*j-1, 2*i-1-1] + k[4-1, 1-1]\n",
    "    K[2*j-1, 2*i-1] = K[2*j-1, 2*i-1] + k[4-1, 2-1]\n",
    "    K[2*j-1, 2*j-1-1] = K[2*j-1, 2*j-1-1] + k[4-1, 3-1]\n",
    "    K[2*j-1, 2*j-1] = K[2*j-1, 2*j-1] + k[4-1, 4-1]\n",
    "    K[2*j-1, 2*m-1-1] = K[2*j-1, 2*m-1-1] + k[4-1, 5-1]\n",
    "    K[2*j-1, 2*m-1] = K[2*j-1, 2*m-1] + k[4-1, 6-1]\n",
    "    K[2*m-1-1,  2*i-1-1] = K[2*m-1-1,  2*i-1-1] + k[5-1, 1-1]\n",
    "    K[2*m-1-1,  2*i-1] = K[2*m-1-1, 2*i-1] + k[5-1, 2-1]\n",
    "    K[2*m-1-1,  2*j-1-1] = K[2*m-1-1,  2*j-1-1] + k[5-1, 3-1]\n",
    "    K[2*m-1-1,  2*j-1] = K[2*m-1-1,  2*j-1] + k[5-1, 4-1]\n",
    "    K[2*m-1-1,  2*m-1-1] = K[2*m-1-1,  2*m-1-1] + k[5-1, 5-1]\n",
    "    K[2*m-1-1, 2*m-1] = K[2*m-1-1,  2*m-1] + k[5-1, 6-1]\n",
    "    K[2*m-1, 2*i-1-1] = K[2*m-1, 2*i-1-1] + k[6-1, 1-1]\n",
    "    K[2*m-1, 2*i-1] = K[2*m-1, 2*i-1] + k[6-1, 2-1]\n",
    "    K[2*m-1, 2*j-1-1] = K[2*m-1, 2*j-1-1] + k[6-1, 3-1]\n",
    "    K[2*m-1, 2*j-1] = K[2*m-1, 2*j-1] + k[6-1, 4-1]\n",
    "    K[2*m-1, 2*m-1-1] = K[2*m-1, 2*m-1-1] + k[6-1, 5-1]\n",
    "    K[2*m-1, 2*m-1] = K[2*m-1, 2*m-1] + k[6-1, 6-1]\n",
    "    \n",
    "    return K\n",
    "    "
   ]
  },
  {
   "cell_type": "code",
   "execution_count": 53,
   "metadata": {},
   "outputs": [
    {
     "name": "stdout",
     "output_type": "stream",
     "text": [
      "[[ 3461538.46153846        0.         -1442307.69230769   865384.61538462\n",
      "         0.         -1875000.         -2019230.76923077  1009615.38461538]\n",
      " [       0.          6274038.46153846  1009615.38461538  -504807.69230769\n",
      "  -1875000.                0.           865384.61538462 -5769230.76923077]\n",
      " [-1442307.69230769  1009615.38461538  3461538.46153846 -1875000.\n",
      "  -2019230.76923077   865384.61538462        0.                0.        ]\n",
      " [  865384.61538462  -504807.69230769 -1875000.          6274038.46153846\n",
      "   1009615.38461538 -5769230.76923077        0.                0.        ]\n",
      " [       0.         -1875000.         -2019230.76923077  1009615.38461538\n",
      "   3461538.46153846        0.         -1442307.69230769   865384.61538462]\n",
      " [-1875000.                0.           865384.61538462 -5769230.76923077\n",
      "         0.          6274038.46153846  1009615.38461538  -504807.69230769]\n",
      " [-2019230.76923077   865384.61538462        0.                0.\n",
      "  -1442307.69230769  1009615.38461538  3461538.46153846 -1875000.        ]\n",
      " [ 1009615.38461538 -5769230.76923077        0.                0.\n",
      "    865384.61538462  -504807.69230769 -1875000.          6274038.46153846]]\n"
     ]
    }
   ],
   "source": [
    "K = np.zeros((8, 8))\n",
    "K=LinearTriangleAssemble(K,k1,1,3,4)\n",
    "K=LinearTriangleAssemble(K,k2,1,2,3)\n",
    "\n",
    "print(K)"
   ]
  },
  {
   "cell_type": "code",
   "execution_count": 54,
   "metadata": {},
   "outputs": [
    {
     "name": "stdout",
     "output_type": "stream",
     "text": [
      "[[ 3461538.46153846 -1875000.         -2019230.76923077   865384.61538462]\n",
      " [-1875000.          6274038.46153846  1009615.38461538 -5769230.76923077]\n",
      " [-2019230.76923077  1009615.38461538  3461538.46153846        0.        ]\n",
      " [  865384.61538462 -5769230.76923077        0.          6274038.46153846]]\n",
      "[[9.375]\n",
      " [0.   ]\n",
      " [9.375]\n",
      " [0.   ]]\n",
      "[[7.11111747e-06]\n",
      " [1.11517786e-06]\n",
      " [6.53122498e-06]\n",
      " [4.46071143e-08]]\n"
     ]
    }
   ],
   "source": [
    "#STEP 4 Applying Bpundary conditions\n",
    "U=np.zeros((8,1))\n",
    "F=np.zeros((8,1))\n",
    "\n",
    "#COnditions\n",
    "F[2,0]=9.375\n",
    "F[3,0]=0\n",
    "F[4,0]=9.375\n",
    "F[5,0]=0\n",
    "\n",
    "#Partitioning matrices\n",
    "Up=U[2:6]\n",
    "Ux=U[[0,1,6,7],:]\n",
    "Fp=F[2:6]\n",
    "Kpp=K[2:6,2:6]\n",
    "print(Kpp)\n",
    "print(Fp)\n",
    "Up=np.dot(np.linalg.inv(Kpp),Fp)\n",
    "\n",
    "print(Up)\n",
    "# Fx=np.add(np.dot(Kxp,Up),np.dot(Kxx,Ux))\n",
    "# U=np.concatenate((Up,Ux))\n",
    "# F=np.concatenate((Fp,Fx))\n",
    "\n"
   ]
  },
  {
   "cell_type": "code",
   "execution_count": null,
   "metadata": {},
   "outputs": [],
   "source": [
    "#Post Processing\n",
    "U=np."
   ]
  }
 ],
 "metadata": {
  "interpreter": {
   "hash": "5c45d054ff7e3515fce9eec686a49e209967f958079ad1677afbc7181e38d20c"
  },
  "kernelspec": {
   "display_name": "Python 3",
   "language": "python",
   "name": "python3"
  },
  "language_info": {
   "codemirror_mode": {
    "name": "ipython",
    "version": 3
   },
   "file_extension": ".py",
   "mimetype": "text/x-python",
   "name": "python",
   "nbconvert_exporter": "python",
   "pygments_lexer": "ipython3",
   "version": "3.8.8"
  }
 },
 "nbformat": 4,
 "nbformat_minor": 2
}
