{
 "cells": [
  {
   "cell_type": "code",
   "execution_count": 19,
   "id": "fc693855",
   "metadata": {},
   "outputs": [
    {
     "name": "stdout",
     "output_type": "stream",
     "text": [
      "Thickness of element in metres0.025\n",
      "Enter Young's Modulus in GPa210\n",
      "Enter Poisson's ratio0.3\n",
      "local_element_stiffness  \n",
      " [[ 2.01923077e+09  0.00000000e+00  0.00000000e+00 -1.00961538e+09\n",
      "  -2.01923077e+09  1.00961538e+09]\n",
      " [ 0.00000000e+00  5.76923077e+09 -8.65384615e+08  0.00000000e+00\n",
      "   8.65384615e+08 -5.76923077e+09]\n",
      " [ 0.00000000e+00 -8.65384615e+08  1.44230769e+09  0.00000000e+00\n",
      "  -1.44230769e+09  8.65384615e+08]\n",
      " [-1.00961538e+09  0.00000000e+00  0.00000000e+00  5.04807692e+08\n",
      "   1.00961538e+09 -5.04807692e+08]\n",
      " [-2.01923077e+09  8.65384615e+08 -1.44230769e+09  1.00961538e+09\n",
      "   3.46153846e+09 -1.87500000e+09]\n",
      " [ 1.00961538e+09 -5.76923077e+09  8.65384615e+08 -5.04807692e+08\n",
      "  -1.87500000e+09  6.27403846e+09]]\n",
      "\n",
      "\n",
      "expanded_element_stiffness  \n",
      " [[ 2.01923077e+09  0.00000000e+00  0.00000000e+00  0.00000000e+00\n",
      "   0.00000000e+00 -1.00961538e+09 -2.01923077e+09  1.00961538e+09]\n",
      " [ 0.00000000e+00  5.76923077e+09  0.00000000e+00  0.00000000e+00\n",
      "  -8.65384615e+08  0.00000000e+00  8.65384615e+08 -5.76923077e+09]\n",
      " [ 0.00000000e+00  0.00000000e+00  0.00000000e+00  0.00000000e+00\n",
      "   0.00000000e+00  0.00000000e+00  0.00000000e+00  0.00000000e+00]\n",
      " [ 0.00000000e+00  0.00000000e+00  0.00000000e+00  0.00000000e+00\n",
      "   0.00000000e+00  0.00000000e+00  0.00000000e+00  0.00000000e+00]\n",
      " [ 0.00000000e+00 -8.65384615e+08  0.00000000e+00  0.00000000e+00\n",
      "   1.44230769e+09  0.00000000e+00 -1.44230769e+09  8.65384615e+08]\n",
      " [-1.00961538e+09  0.00000000e+00  0.00000000e+00  0.00000000e+00\n",
      "   0.00000000e+00  5.04807692e+08  1.00961538e+09 -5.04807692e+08]\n",
      " [-2.01923077e+09  8.65384615e+08  0.00000000e+00  0.00000000e+00\n",
      "  -1.44230769e+09  1.00961538e+09  3.46153846e+09 -1.87500000e+09]\n",
      " [ 1.00961538e+09 -5.76923077e+09  0.00000000e+00  0.00000000e+00\n",
      "   8.65384615e+08 -5.04807692e+08 -1.87500000e+09  6.27403846e+09]]\n",
      "\n",
      "\n",
      "local_element_stiffness  \n",
      " [[ 1.44230769e+09  0.00000000e+00 -1.44230769e+09  8.65384615e+08\n",
      "   0.00000000e+00 -8.65384615e+08]\n",
      " [ 0.00000000e+00  5.04807692e+08  1.00961538e+09 -5.04807692e+08\n",
      "  -1.00961538e+09  0.00000000e+00]\n",
      " [-1.44230769e+09  1.00961538e+09  3.46153846e+09 -1.87500000e+09\n",
      "  -2.01923077e+09  8.65384615e+08]\n",
      " [ 8.65384615e+08 -5.04807692e+08 -1.87500000e+09  6.27403846e+09\n",
      "   1.00961538e+09 -5.76923077e+09]\n",
      " [ 0.00000000e+00 -1.00961538e+09 -2.01923077e+09  1.00961538e+09\n",
      "   2.01923077e+09  0.00000000e+00]\n",
      " [-8.65384615e+08  0.00000000e+00  8.65384615e+08 -5.76923077e+09\n",
      "   0.00000000e+00  5.76923077e+09]]\n",
      "\n",
      "\n",
      "expanded_element_stiffness  \n",
      " [[ 1.44230769e+09  0.00000000e+00 -1.44230769e+09  8.65384615e+08\n",
      "   0.00000000e+00 -8.65384615e+08  0.00000000e+00  0.00000000e+00]\n",
      " [ 0.00000000e+00  5.04807692e+08  1.00961538e+09 -5.04807692e+08\n",
      "  -1.00961538e+09  0.00000000e+00  0.00000000e+00  0.00000000e+00]\n",
      " [-1.44230769e+09  1.00961538e+09  3.46153846e+09 -1.87500000e+09\n",
      "  -2.01923077e+09  8.65384615e+08  0.00000000e+00  0.00000000e+00]\n",
      " [ 8.65384615e+08 -5.04807692e+08 -1.87500000e+09  6.27403846e+09\n",
      "   1.00961538e+09 -5.76923077e+09  0.00000000e+00  0.00000000e+00]\n",
      " [ 0.00000000e+00 -1.00961538e+09 -2.01923077e+09  1.00961538e+09\n",
      "   2.01923077e+09  0.00000000e+00  0.00000000e+00  0.00000000e+00]\n",
      " [-8.65384615e+08  0.00000000e+00  8.65384615e+08 -5.76923077e+09\n",
      "   0.00000000e+00  5.76923077e+09  0.00000000e+00  0.00000000e+00]\n",
      " [ 0.00000000e+00  0.00000000e+00  0.00000000e+00  0.00000000e+00\n",
      "   0.00000000e+00  0.00000000e+00  0.00000000e+00  0.00000000e+00]\n",
      " [ 0.00000000e+00  0.00000000e+00  0.00000000e+00  0.00000000e+00\n",
      "   0.00000000e+00  0.00000000e+00  0.00000000e+00  0.00000000e+00]]\n",
      "\n",
      "\n",
      "structure stiffness matrix: \n",
      " [[ 3.46153846e+09  0.00000000e+00 -1.44230769e+09  8.65384615e+08\n",
      "   0.00000000e+00 -1.87500000e+09 -2.01923077e+09  1.00961538e+09]\n",
      " [ 0.00000000e+00  6.27403846e+09  1.00961538e+09 -5.04807692e+08\n",
      "  -1.87500000e+09  0.00000000e+00  8.65384615e+08 -5.76923077e+09]\n",
      " [-1.44230769e+09  1.00961538e+09  3.46153846e+09 -1.87500000e+09\n",
      "  -2.01923077e+09  8.65384615e+08  0.00000000e+00  0.00000000e+00]\n",
      " [ 8.65384615e+08 -5.04807692e+08 -1.87500000e+09  6.27403846e+09\n",
      "   1.00961538e+09 -5.76923077e+09  0.00000000e+00  0.00000000e+00]\n",
      " [ 0.00000000e+00 -1.87500000e+09 -2.01923077e+09  1.00961538e+09\n",
      "   3.46153846e+09  0.00000000e+00 -1.44230769e+09  8.65384615e+08]\n",
      " [-1.87500000e+09  0.00000000e+00  8.65384615e+08 -5.76923077e+09\n",
      "   0.00000000e+00  6.27403846e+09  1.00961538e+09 -5.04807692e+08]\n",
      " [-2.01923077e+09  8.65384615e+08  0.00000000e+00  0.00000000e+00\n",
      "  -1.44230769e+09  1.00961538e+09  3.46153846e+09 -1.87500000e+09]\n",
      " [ 1.00961538e+09 -5.76923077e+09  0.00000000e+00  0.00000000e+00\n",
      "   8.65384615e+08 -5.04807692e+08 -1.87500000e+09  6.27403846e+09]]\n",
      "\n",
      "\n",
      "[   0.    0. 9375.    0. 9375.    0.    0.    0.] [9375.    0. 9375.    0.]\n",
      "stiffness \n",
      " [[ 3.46153846e+09 -1.87500000e+09 -2.01923077e+09  8.65384615e+08]\n",
      " [-1.87500000e+09  6.27403846e+09  1.00961538e+09 -5.76923077e+09]\n",
      " [-2.01923077e+09  1.00961538e+09  3.46153846e+09  0.00000000e+00]\n",
      " [ 8.65384615e+08 -5.76923077e+09  0.00000000e+00  6.27403846e+09]]\n",
      "\n",
      "\n",
      "[-9375.     -5629.5036  9375.        -0.      9375.         0.\n",
      " -9375.      5629.5036]\n",
      "\n",
      "\n",
      "[0.00000000e+00 0.00000000e+00 7.11111747e-06 1.11517786e-06\n",
      " 6.53122498e-06 4.46071143e-08 0.00000000e+00 0.00000000e+00]\n",
      "\n",
      "\n",
      "Reaction in Newton and Displacement in metre:\n",
      "\n",
      "rx1= -9375.0\n",
      "ry1= -5629.5036\n",
      "rx4= -9375.0\n",
      "ry4= 5629.5036\n",
      "\n",
      "\n",
      "displacement of 2nd node in (x,y)=( 7.111117465403721e-06 , 1.1151778565747454e-06 )\n",
      "displacement of 3nd node in (x,y)=( 6.531224979984118e-06 , 4.4607114265520834e-08 )\n",
      "\n",
      "\n",
      "[0.00000000e+00 0.00000000e+00 6.53122498e-06 4.46071143e-08\n",
      " 0.00000000e+00 0.00000000e+00]\n",
      "stress \n",
      " [3014411.52922344  904323.45876703    7205.76461212]\n",
      "\n",
      "\n",
      " principal stress and theta p \n",
      " 3014436.1359869577 904298.8520035134 0.1956592719322744\n",
      "\n",
      "\n",
      "[0.00000000e+00 0.00000000e+00 7.11111747e-06 1.11517786e-06\n",
      " 6.53122498e-06 4.46071143e-08]\n",
      "stress \n",
      " [3578519.95882581 1972835.41118749  367493.99519764]\n",
      "\n",
      "\n",
      " principal stress and theta p \n",
      " 3658631.564400949 1892723.8056123531 12.891290999613389\n",
      "\n",
      "\n"
     ]
    }
   ],
   "source": [
    "import numpy as np\n",
    "import math\n",
    "\n",
    "cordinate_matrix=np.array([(0,0),\n",
    "                 (0.5,0),\n",
    "                 (0.5,0.25),\n",
    "                 (0,0.25)])\n",
    "\n",
    "element_connectivity=np.array([(1,3,4),\n",
    "                     (1,2,3)])\n",
    "\n",
    "dof=2*len(cordinate_matrix)\n",
    "\n",
    "structure_stiffness=np.zeros((dof,dof))\n",
    "\n",
    "thickness=float(input('Thickness of element in metres'))\n",
    "E=float(input(\"Enter Young's Modulus in GPa\"))\n",
    "nu=float(input(\"Enter Poisson's ratio\"))\n",
    "\n",
    "for i in range(0,len(element_connectivity)):\n",
    "    \n",
    "    fnode=element_connectivity[i][0]\n",
    "    snode=element_connectivity[i][1]\n",
    "    tnode=element_connectivity[i][2]\n",
    "    fnodecordinate=cordinate_matrix[fnode-1][:]\n",
    "    snodecordinate=cordinate_matrix[snode-1][:]\n",
    "    tnodecordinate=cordinate_matrix[tnode-1][:]\n",
    "    association_matrix=[2*fnode-1,2*fnode,2*snode-1,2*snode,2*tnode-1,2*tnode]\n",
    "    x1=fnodecordinate[0]\n",
    "    y1=fnodecordinate[1]\n",
    "    x2=snodecordinate[0]\n",
    "    y2=snodecordinate[1]  \n",
    "    x3=tnodecordinate[0]\n",
    "    y3=tnodecordinate[1]\n",
    "    area=(x1*(y2-y3)+x2*(y3-y1)+x3*(y1-y2))*0.5\n",
    "  \n",
    "    b1=y2-y3\n",
    "    b2=y3-y1\n",
    "    b3=y1-y2\n",
    "    a1=x3-x2\n",
    "    a2=x1-x3\n",
    "    a3=x2-x1\n",
    "    B_matrix = np.array([(b1,0, b2, 0,b3,0),(0,a1,0,a2,0,a3),(a1,b1,a2,b2,a3,b3)]) \n",
    "    B_matrix=(0.5/area)*B_matrix\n",
    "    transpose_B_matrix=np.transpose(B_matrix)\n",
    "    D=np.array([(1,nu,0),(nu,1,0),(0,0,(1-nu)*0.5)])\n",
    "    D=E*(10**9)/(1-nu**2)*D\n",
    "    local_element_stiffness=area*thickness*transpose_B_matrix@D@B_matrix\n",
    "    print('local_element_stiffness  \\n',local_element_stiffness)\n",
    "    print('\\n')\n",
    "    expanded_element_stiffness=np.zeros((dof,dof))\n",
    "    for j in range(0,6):\n",
    "        for k in range (0,6):\n",
    "             expanded_element_stiffness[association_matrix[j]-1,association_matrix[k]-1]=local_element_stiffness[j,k]\n",
    "    expanded_element_stiffness=np.round(expanded_element_stiffness,3)         \n",
    "    print('expanded_element_stiffness  \\n',expanded_element_stiffness)\n",
    "    print('\\n')         \n",
    "    structure_stiffness=structure_stiffness+expanded_element_stiffness\n",
    "\n",
    "print('structure stiffness matrix: \\n', structure_stiffness)\n",
    "print('\\n')\n",
    "\n",
    "force=np.zeros(dof)\n",
    "displacement=np.zeros(dof)\n",
    "force[2]=9375\n",
    "force[4]=9375\n",
    "force1=force[2:6]\n",
    "print(force,force1)\n",
    "stiffness=structure_stiffness[2:6,2:6]\n",
    "print(\"stiffness \\n\",stiffness)\n",
    "print('\\n') \n",
    "inv_stiffness=np.linalg.inv(stiffness)\n",
    "displacement1=inv_stiffness@force1\n",
    "displacement[2:6]=displacement1                            \n",
    "force=structure_stiffness@displacement\n",
    "force=np.round(force,4)\n",
    "\n",
    "print((force))\n",
    "print('\\n') \n",
    "print((displacement))\n",
    "print('\\n')\n",
    "print('Reaction in Newton and Displacement in metre:\\n')                  \n",
    "print('rx1=',(force[0])) \n",
    "print('ry1=',(force[1]))  \n",
    "print('rx4=',(force[6]))\n",
    "print('ry4=',(force[7]))\n",
    "print('\\n')\n",
    "print('displacement of 2nd node in (x,y)=(',displacement[2],',',displacement[3],')')                   \n",
    "print('displacement of 3nd node in (x,y)=(',displacement[4],',',displacement[5],')')   \n",
    "print('\\n')                            \n",
    "stress=np.zeros(3)\n",
    "u=np.zeros(6)\n",
    "for i in range(0,len(element_connectivity)):\n",
    "    fnode=element_connectivity[i][0]\n",
    "    snode=element_connectivity[i][1]\n",
    "    tnode=element_connectivity[i][2]\n",
    "    fnodecordinate=cordinate_matrix[fnode-1][:]\n",
    "    snodecordinate=cordinate_matrix[snode-1][:]\n",
    "    tnodecordinate=cordinate_matrix[tnode-1][:]\n",
    "    association_matrix=[2*fnode-1,2*fnode,2*snode-1,2*snode,2*tnode-1,2*tnode]\n",
    "    x1=fnodecordinate[0]\n",
    "    y1=fnodecordinate[1]\n",
    "    x2=snodecordinate[0]\n",
    "    y2=snodecordinate[1]  \n",
    "    x3=tnodecordinate[0]\n",
    "    y3=tnodecordinate[1]\n",
    "    area=(x1*(y2-y3)+x2*(y3-y1)+x3*(y1-y2))*0.5\n",
    "    b1=y2-y3\n",
    "    b2=y3-y1\n",
    "    b3=y1-y2\n",
    "    a1=x2-x3\n",
    "    a2=x3-x1\n",
    "    a3=x1-x3\n",
    "    B_matrix = np.array([(b1,0, b2, 0,b3,0),(0,a1,0,a2,0,a3),(a1,b1,a2,b2,a3,b3)]) \n",
    "    B_matrix=(0.5/area)*B_matrix\n",
    "   \n",
    "    D=np.array([(1,nu,0),(nu,1,0),(0,0,(1-nu)*0.5)])\n",
    "    D=E*(10**9)/(1-nu**2)*D\n",
    "    \n",
    "    \n",
    "    for j in range(0,6):\n",
    "      u[j]=displacement[association_matrix[j]-1]\n",
    "    print(u)\n",
    "    stress=D@B_matrix@u\n",
    "    print('Stress(N/m^2) in',i,'th element \\n',stress)\n",
    "    print('\\n')\n",
    "    C = (stress[0] + stress[1])/2\n",
    "    R = ((stress[0] - stress[1])/2)**2 + (stress[2])**2\n",
    "    M = 2*stress[2]/(stress[0] - stress[1])\n",
    "    s1=C+(R)**0.5\n",
    "    s2=C-(R)**0.5\n",
    "    pi=math.pi\n",
    "    theta = math.atan((M)/2)*180/pi\n",
    "    print(' Principal stress(N/m^2) and thetap in',i,'th element \\n' \\n',s1,s2,theta)\n",
    "    print('\\n')\n"
   ]
  },
  {
   "cell_type": "code",
   "execution_count": null,
   "id": "ad3c281e",
   "metadata": {},
   "outputs": [],
   "source": []
  }
 ],
 "metadata": {
  "kernelspec": {
   "display_name": "Python 3",
   "language": "python",
   "name": "python3"
  },
  "language_info": {
   "codemirror_mode": {
    "name": "ipython",
    "version": 3
   },
   "file_extension": ".py",
   "mimetype": "text/x-python",
   "name": "python",
   "nbconvert_exporter": "python",
   "pygments_lexer": "ipython3",
   "version": "3.8.8"
  }
 },
 "nbformat": 4,
 "nbformat_minor": 5
}
