{
 "cells": [
  {
   "cell_type": "code",
   "execution_count": 32,
   "id": "43ce6a04",
   "metadata": {},
   "outputs": [
    {
     "name": "stdout",
     "output_type": "stream",
     "text": [
      "Thickness of element in metres0.025\n",
      "Enter Young's Modulus in GPa210\n",
      "Enter Poisson's ratio0.3\n",
      "local_element_stiffness  \n",
      " [[ 1.73076923e+09  9.37500000e+08  2.88461538e+08 -7.21153846e+07\n",
      "  -2.01923077e+09 -8.65384615e+08]\n",
      " [ 9.37500000e+08  3.13701923e+09  7.21153846e+07  2.63221154e+09\n",
      "  -1.00961538e+09 -5.76923077e+09]\n",
      " [ 2.88461538e+08  7.21153846e+07  1.73076923e+09 -9.37500000e+08\n",
      "  -2.01923077e+09  8.65384615e+08]\n",
      " [-7.21153846e+07  2.63221154e+09 -9.37500000e+08  3.13701923e+09\n",
      "   1.00961538e+09 -5.76923077e+09]\n",
      " [-2.01923077e+09 -1.00961538e+09 -2.01923077e+09  1.00961538e+09\n",
      "   4.03846154e+09  0.00000000e+00]\n",
      " [-8.65384615e+08 -5.76923077e+09  8.65384615e+08 -5.76923077e+09\n",
      "   0.00000000e+00  1.15384615e+10]]\n",
      "\n",
      "\n",
      "expanded_element_stiffness  \n",
      " [[ 1.73076923e+09  9.37500000e+08  2.88461538e+08 -7.21153846e+07\n",
      "   0.00000000e+00  0.00000000e+00  0.00000000e+00  0.00000000e+00\n",
      "  -2.01923077e+09 -8.65384615e+08]\n",
      " [ 9.37500000e+08  3.13701923e+09  7.21153846e+07  2.63221154e+09\n",
      "   0.00000000e+00  0.00000000e+00  0.00000000e+00  0.00000000e+00\n",
      "  -1.00961538e+09 -5.76923077e+09]\n",
      " [ 2.88461538e+08  7.21153846e+07  1.73076923e+09 -9.37500000e+08\n",
      "   0.00000000e+00  0.00000000e+00  0.00000000e+00  0.00000000e+00\n",
      "  -2.01923077e+09  8.65384615e+08]\n",
      " [-7.21153846e+07  2.63221154e+09 -9.37500000e+08  3.13701923e+09\n",
      "   0.00000000e+00  0.00000000e+00  0.00000000e+00  0.00000000e+00\n",
      "   1.00961538e+09 -5.76923077e+09]\n",
      " [ 0.00000000e+00  0.00000000e+00  0.00000000e+00  0.00000000e+00\n",
      "   0.00000000e+00  0.00000000e+00  0.00000000e+00  0.00000000e+00\n",
      "   0.00000000e+00  0.00000000e+00]\n",
      " [ 0.00000000e+00  0.00000000e+00  0.00000000e+00  0.00000000e+00\n",
      "   0.00000000e+00  0.00000000e+00  0.00000000e+00  0.00000000e+00\n",
      "   0.00000000e+00  0.00000000e+00]\n",
      " [ 0.00000000e+00  0.00000000e+00  0.00000000e+00  0.00000000e+00\n",
      "   0.00000000e+00  0.00000000e+00  0.00000000e+00  0.00000000e+00\n",
      "   0.00000000e+00  0.00000000e+00]\n",
      " [ 0.00000000e+00  0.00000000e+00  0.00000000e+00  0.00000000e+00\n",
      "   0.00000000e+00  0.00000000e+00  0.00000000e+00  0.00000000e+00\n",
      "   0.00000000e+00  0.00000000e+00]\n",
      " [-2.01923077e+09 -1.00961538e+09 -2.01923077e+09  1.00961538e+09\n",
      "   0.00000000e+00  0.00000000e+00  0.00000000e+00  0.00000000e+00\n",
      "   4.03846154e+09  0.00000000e+00]\n",
      " [-8.65384615e+08 -5.76923077e+09  8.65384615e+08 -5.76923077e+09\n",
      "   0.00000000e+00  0.00000000e+00  0.00000000e+00  0.00000000e+00\n",
      "   0.00000000e+00  1.15384615e+10]]\n",
      "\n",
      "\n",
      "local_element_stiffness  \n",
      " [[ 2.88461538e+09  0.00000000e+00 -1.44230769e+09  8.65384615e+08\n",
      "  -1.44230769e+09 -8.65384615e+08]\n",
      " [ 0.00000000e+00  1.00961538e+09  1.00961538e+09 -5.04807692e+08\n",
      "  -1.00961538e+09 -5.04807692e+08]\n",
      " [-1.44230769e+09  1.00961538e+09  1.73076923e+09 -9.37500000e+08\n",
      "  -2.88461538e+08 -7.21153846e+07]\n",
      " [ 8.65384615e+08 -5.04807692e+08 -9.37500000e+08  3.13701923e+09\n",
      "   7.21153846e+07 -2.63221154e+09]\n",
      " [-1.44230769e+09 -1.00961538e+09 -2.88461538e+08  7.21153846e+07\n",
      "   1.73076923e+09  9.37500000e+08]\n",
      " [-8.65384615e+08 -5.04807692e+08 -7.21153846e+07 -2.63221154e+09\n",
      "   9.37500000e+08  3.13701923e+09]]\n",
      "\n",
      "\n",
      "expanded_element_stiffness  \n",
      " [[ 0.00000000e+00  0.00000000e+00  0.00000000e+00  0.00000000e+00\n",
      "   0.00000000e+00  0.00000000e+00  0.00000000e+00  0.00000000e+00\n",
      "   0.00000000e+00  0.00000000e+00]\n",
      " [ 0.00000000e+00  0.00000000e+00  0.00000000e+00  0.00000000e+00\n",
      "   0.00000000e+00  0.00000000e+00  0.00000000e+00  0.00000000e+00\n",
      "   0.00000000e+00  0.00000000e+00]\n",
      " [ 0.00000000e+00  0.00000000e+00  1.73076923e+09 -9.37500000e+08\n",
      "  -2.88461538e+08 -7.21153846e+07  0.00000000e+00  0.00000000e+00\n",
      "  -1.44230769e+09  1.00961538e+09]\n",
      " [ 0.00000000e+00  0.00000000e+00 -9.37500000e+08  3.13701923e+09\n",
      "   7.21153846e+07 -2.63221154e+09  0.00000000e+00  0.00000000e+00\n",
      "   8.65384615e+08 -5.04807692e+08]\n",
      " [ 0.00000000e+00  0.00000000e+00 -2.88461538e+08  7.21153846e+07\n",
      "   1.73076923e+09  9.37500000e+08  0.00000000e+00  0.00000000e+00\n",
      "  -1.44230769e+09 -1.00961538e+09]\n",
      " [ 0.00000000e+00  0.00000000e+00 -7.21153846e+07 -2.63221154e+09\n",
      "   9.37500000e+08  3.13701923e+09  0.00000000e+00  0.00000000e+00\n",
      "  -8.65384615e+08 -5.04807692e+08]\n",
      " [ 0.00000000e+00  0.00000000e+00  0.00000000e+00  0.00000000e+00\n",
      "   0.00000000e+00  0.00000000e+00  0.00000000e+00  0.00000000e+00\n",
      "   0.00000000e+00  0.00000000e+00]\n",
      " [ 0.00000000e+00  0.00000000e+00  0.00000000e+00  0.00000000e+00\n",
      "   0.00000000e+00  0.00000000e+00  0.00000000e+00  0.00000000e+00\n",
      "   0.00000000e+00  0.00000000e+00]\n",
      " [ 0.00000000e+00  0.00000000e+00 -1.44230769e+09  8.65384615e+08\n",
      "  -1.44230769e+09 -8.65384615e+08  0.00000000e+00  0.00000000e+00\n",
      "   2.88461538e+09  0.00000000e+00]\n",
      " [ 0.00000000e+00  0.00000000e+00  1.00961538e+09 -5.04807692e+08\n",
      "  -1.00961538e+09 -5.04807692e+08  0.00000000e+00  0.00000000e+00\n",
      "   0.00000000e+00  1.00961538e+09]]\n",
      "\n",
      "\n",
      "local_element_stiffness  \n",
      " [[ 4.03846154e+09  0.00000000e+00 -2.01923077e+09 -1.00961538e+09\n",
      "  -2.01923077e+09  1.00961538e+09]\n",
      " [ 0.00000000e+00  1.15384615e+10 -8.65384615e+08 -5.76923077e+09\n",
      "   8.65384615e+08 -5.76923077e+09]\n",
      " [-2.01923077e+09 -8.65384615e+08  1.73076923e+09  9.37500000e+08\n",
      "   2.88461538e+08 -7.21153846e+07]\n",
      " [-1.00961538e+09 -5.76923077e+09  9.37500000e+08  3.13701923e+09\n",
      "   7.21153846e+07  2.63221154e+09]\n",
      " [-2.01923077e+09  8.65384615e+08  2.88461538e+08  7.21153846e+07\n",
      "   1.73076923e+09 -9.37500000e+08]\n",
      " [ 1.00961538e+09 -5.76923077e+09 -7.21153846e+07  2.63221154e+09\n",
      "  -9.37500000e+08  3.13701923e+09]]\n",
      "\n",
      "\n",
      "expanded_element_stiffness  \n",
      " [[ 0.00000000e+00  0.00000000e+00  0.00000000e+00  0.00000000e+00\n",
      "   0.00000000e+00  0.00000000e+00  0.00000000e+00  0.00000000e+00\n",
      "   0.00000000e+00  0.00000000e+00]\n",
      " [ 0.00000000e+00  0.00000000e+00  0.00000000e+00  0.00000000e+00\n",
      "   0.00000000e+00  0.00000000e+00  0.00000000e+00  0.00000000e+00\n",
      "   0.00000000e+00  0.00000000e+00]\n",
      " [ 0.00000000e+00  0.00000000e+00  0.00000000e+00  0.00000000e+00\n",
      "   0.00000000e+00  0.00000000e+00  0.00000000e+00  0.00000000e+00\n",
      "   0.00000000e+00  0.00000000e+00]\n",
      " [ 0.00000000e+00  0.00000000e+00  0.00000000e+00  0.00000000e+00\n",
      "   0.00000000e+00  0.00000000e+00  0.00000000e+00  0.00000000e+00\n",
      "   0.00000000e+00  0.00000000e+00]\n",
      " [ 0.00000000e+00  0.00000000e+00  0.00000000e+00  0.00000000e+00\n",
      "   1.73076923e+09  9.37500000e+08  2.88461538e+08 -7.21153846e+07\n",
      "  -2.01923077e+09 -8.65384615e+08]\n",
      " [ 0.00000000e+00  0.00000000e+00  0.00000000e+00  0.00000000e+00\n",
      "   9.37500000e+08  3.13701923e+09  7.21153846e+07  2.63221154e+09\n",
      "  -1.00961538e+09 -5.76923077e+09]\n",
      " [ 0.00000000e+00  0.00000000e+00  0.00000000e+00  0.00000000e+00\n",
      "   2.88461538e+08  7.21153846e+07  1.73076923e+09 -9.37500000e+08\n",
      "  -2.01923077e+09  8.65384615e+08]\n",
      " [ 0.00000000e+00  0.00000000e+00  0.00000000e+00  0.00000000e+00\n",
      "  -7.21153846e+07  2.63221154e+09 -9.37500000e+08  3.13701923e+09\n",
      "   1.00961538e+09 -5.76923077e+09]\n",
      " [ 0.00000000e+00  0.00000000e+00  0.00000000e+00  0.00000000e+00\n",
      "  -2.01923077e+09 -1.00961538e+09 -2.01923077e+09  1.00961538e+09\n",
      "   4.03846154e+09  0.00000000e+00]\n",
      " [ 0.00000000e+00  0.00000000e+00  0.00000000e+00  0.00000000e+00\n",
      "  -8.65384615e+08 -5.76923077e+09  8.65384615e+08 -5.76923077e+09\n",
      "   0.00000000e+00  1.15384615e+10]]\n",
      "\n",
      "\n",
      "local_element_stiffness  \n",
      " [[ 1.73076923e+09  9.37500000e+08 -1.44230769e+09 -1.00961538e+09\n",
      "  -2.88461538e+08  7.21153846e+07]\n",
      " [ 9.37500000e+08  3.13701923e+09 -8.65384615e+08 -5.04807692e+08\n",
      "  -7.21153846e+07 -2.63221154e+09]\n",
      " [-1.44230769e+09 -8.65384615e+08  2.88461538e+09  0.00000000e+00\n",
      "  -1.44230769e+09  8.65384615e+08]\n",
      " [-1.00961538e+09 -5.04807692e+08  0.00000000e+00  1.00961538e+09\n",
      "   1.00961538e+09 -5.04807692e+08]\n",
      " [-2.88461538e+08 -7.21153846e+07 -1.44230769e+09  1.00961538e+09\n",
      "   1.73076923e+09 -9.37500000e+08]\n",
      " [ 7.21153846e+07 -2.63221154e+09  8.65384615e+08 -5.04807692e+08\n",
      "  -9.37500000e+08  3.13701923e+09]]\n",
      "\n",
      "\n",
      "expanded_element_stiffness  \n",
      " [[ 1.73076923e+09  9.37500000e+08  0.00000000e+00  0.00000000e+00\n",
      "   0.00000000e+00  0.00000000e+00 -2.88461538e+08  7.21153846e+07\n",
      "  -1.44230769e+09 -1.00961538e+09]\n",
      " [ 9.37500000e+08  3.13701923e+09  0.00000000e+00  0.00000000e+00\n",
      "   0.00000000e+00  0.00000000e+00 -7.21153846e+07 -2.63221154e+09\n",
      "  -8.65384615e+08 -5.04807692e+08]\n",
      " [ 0.00000000e+00  0.00000000e+00  0.00000000e+00  0.00000000e+00\n",
      "   0.00000000e+00  0.00000000e+00  0.00000000e+00  0.00000000e+00\n",
      "   0.00000000e+00  0.00000000e+00]\n",
      " [ 0.00000000e+00  0.00000000e+00  0.00000000e+00  0.00000000e+00\n",
      "   0.00000000e+00  0.00000000e+00  0.00000000e+00  0.00000000e+00\n",
      "   0.00000000e+00  0.00000000e+00]\n",
      " [ 0.00000000e+00  0.00000000e+00  0.00000000e+00  0.00000000e+00\n",
      "   0.00000000e+00  0.00000000e+00  0.00000000e+00  0.00000000e+00\n",
      "   0.00000000e+00  0.00000000e+00]\n",
      " [ 0.00000000e+00  0.00000000e+00  0.00000000e+00  0.00000000e+00\n",
      "   0.00000000e+00  0.00000000e+00  0.00000000e+00  0.00000000e+00\n",
      "   0.00000000e+00  0.00000000e+00]\n",
      " [-2.88461538e+08 -7.21153846e+07  0.00000000e+00  0.00000000e+00\n",
      "   0.00000000e+00  0.00000000e+00  1.73076923e+09 -9.37500000e+08\n",
      "  -1.44230769e+09  1.00961538e+09]\n",
      " [ 7.21153846e+07 -2.63221154e+09  0.00000000e+00  0.00000000e+00\n",
      "   0.00000000e+00  0.00000000e+00 -9.37500000e+08  3.13701923e+09\n",
      "   8.65384615e+08 -5.04807692e+08]\n",
      " [-1.44230769e+09 -8.65384615e+08  0.00000000e+00  0.00000000e+00\n",
      "   0.00000000e+00  0.00000000e+00 -1.44230769e+09  8.65384615e+08\n",
      "   2.88461538e+09  0.00000000e+00]\n",
      " [-1.00961538e+09 -5.04807692e+08  0.00000000e+00  0.00000000e+00\n",
      "   0.00000000e+00  0.00000000e+00  1.00961538e+09 -5.04807692e+08\n",
      "   0.00000000e+00  1.00961538e+09]]\n",
      "\n",
      "\n",
      "structure stiffness matrix: \n",
      " [[ 3.46153846e+09  1.87500000e+09  2.88461538e+08 -7.21153846e+07\n",
      "   0.00000000e+00  0.00000000e+00 -2.88461538e+08  7.21153846e+07\n",
      "  -3.46153846e+09 -1.87500000e+09]\n",
      " [ 1.87500000e+09  6.27403846e+09  7.21153846e+07  2.63221154e+09\n",
      "   0.00000000e+00  0.00000000e+00 -7.21153846e+07 -2.63221154e+09\n",
      "  -1.87500000e+09 -6.27403846e+09]\n",
      " [ 2.88461538e+08  7.21153846e+07  3.46153846e+09 -1.87500000e+09\n",
      "  -2.88461538e+08 -7.21153846e+07  0.00000000e+00  0.00000000e+00\n",
      "  -3.46153846e+09  1.87500000e+09]\n",
      " [-7.21153846e+07  2.63221154e+09 -1.87500000e+09  6.27403846e+09\n",
      "   7.21153846e+07 -2.63221154e+09  0.00000000e+00  0.00000000e+00\n",
      "   1.87500000e+09 -6.27403846e+09]\n",
      " [ 0.00000000e+00  0.00000000e+00 -2.88461538e+08  7.21153846e+07\n",
      "   3.46153846e+09  1.87500000e+09  2.88461538e+08 -7.21153846e+07\n",
      "  -3.46153846e+09 -1.87500000e+09]\n",
      " [ 0.00000000e+00  0.00000000e+00 -7.21153846e+07 -2.63221154e+09\n",
      "   1.87500000e+09  6.27403846e+09  7.21153846e+07  2.63221154e+09\n",
      "  -1.87500000e+09 -6.27403846e+09]\n",
      " [-2.88461538e+08 -7.21153846e+07  0.00000000e+00  0.00000000e+00\n",
      "   2.88461538e+08  7.21153846e+07  3.46153846e+09 -1.87500000e+09\n",
      "  -3.46153846e+09  1.87500000e+09]\n",
      " [ 7.21153846e+07 -2.63221154e+09  0.00000000e+00  0.00000000e+00\n",
      "  -7.21153846e+07  2.63221154e+09 -1.87500000e+09  6.27403846e+09\n",
      "   1.87500000e+09 -6.27403846e+09]\n",
      " [-3.46153846e+09 -1.87500000e+09 -3.46153846e+09  1.87500000e+09\n",
      "  -3.46153846e+09 -1.87500000e+09 -3.46153846e+09  1.87500000e+09\n",
      "   1.38461538e+10  0.00000000e+00]\n",
      " [-1.87500000e+09 -6.27403846e+09  1.87500000e+09 -6.27403846e+09\n",
      "  -1.87500000e+09 -6.27403846e+09  1.87500000e+09 -6.27403846e+09\n",
      "   0.00000000e+00  2.50961538e+10]]\n",
      "\n",
      "\n",
      "[   0.    0. 9375.    0. 9375.    0.    0.    0.    0.    0.] [9375.    0. 9375.    0.    0.    0.]\n",
      "stiffness \n",
      " [[ 3.46153846e+09 -1.87500000e+09 -2.88461538e+08 -7.21153846e+07\n",
      "  -3.46153846e+09  1.87500000e+09]\n",
      " [-1.87500000e+09  6.27403846e+09  7.21153846e+07 -2.63221154e+09\n",
      "   1.87500000e+09 -6.27403846e+09]\n",
      " [-2.88461538e+08  7.21153846e+07  3.46153846e+09  1.87500000e+09\n",
      "  -3.46153846e+09 -1.87500000e+09]\n",
      " [-7.21153846e+07 -2.63221154e+09  1.87500000e+09  6.27403846e+09\n",
      "  -1.87500000e+09 -6.27403846e+09]\n",
      " [-3.46153846e+09  1.87500000e+09 -3.46153846e+09 -1.87500000e+09\n",
      "   1.38461538e+10  0.00000000e+00]\n",
      " [ 1.87500000e+09 -6.27403846e+09 -1.87500000e+09 -6.27403846e+09\n",
      "   0.00000000e+00  2.50961538e+10]]\n",
      "\n",
      "\n",
      "Reaction in Newton and Displacement in metre:\n",
      "\n",
      "('Force Vector \\n', array([-9375.    , -3754.0043,  9375.    ,     0.    ,  9375.    ,\n",
      "          -0.    , -9375.    ,  3754.0043,     0.    ,    -0.    ]))\n",
      "\n",
      "\n",
      "('Displacement Vector\\n', array([ 0.00000000e+00,  0.00000000e+00,  6.92834261e-06,  7.13904355e-07,\n",
      "        6.92834261e-06, -7.13904355e-07,  0.00000000e+00,  0.00000000e+00,\n",
      "        3.27082221e-06, -1.69406589e-21]))\n",
      "\n",
      "\n",
      "rx1= -9375.0\n",
      "ry1= -3754.0043\n",
      "rx4= -9375.0\n",
      "ry4= 3754.0043\n",
      "\n",
      "\n",
      "displacement of 2nd node in (x,y)=( 6.928342613080632e-06 , 7.139043551226426e-07 )\n",
      "displacement of 3nd node in (x,y)=( 6.928342613080646e-06 , -7.139043551226528e-07 )\n",
      "\n",
      "\n",
      "Stress(N/m^2) in 0 th element \n",
      " [3395393.18130195 1618297.61269361 1296983.4490136 ]\n",
      "\n",
      "\n",
      " Principal stress(N/m^2) and thetap in 0 th element \n",
      " 4079004.1777852187 934686.6162103338 36.123211278314606\n",
      "\n",
      "\n",
      "Stress(N/m^2) in 1 th element \n",
      " [ 3.77156586e+06  2.33082907e+06 -5.58793545e-09]\n",
      "\n",
      "\n",
      " Principal stress(N/m^2) and thetap in 1 th element \n",
      " 3771565.8607314974 2330829.0748254973 -2.2222318502335835e-13\n",
      "\n",
      "\n",
      "Stress(N/m^2) in 2 th element \n",
      " [3395393.18130196 1618297.61269361 -240256.27335826]\n",
      "\n",
      "\n",
      " Principal stress(N/m^2) and thetap in 2 th element \n",
      " 3427301.936916889 1586388.8570786775 -7.699478380110217\n",
      "\n",
      "\n",
      "Stress(N/m^2) in 3 th element \n",
      " [ 3.01922050e+06  9.05766151e+05 -5.47313597e-10]\n",
      "\n",
      "\n",
      " Principal stress(N/m^2) and thetap in 3 th element \n",
      " 3019220.501872405 905766.1505617215 -1.483767990582124e-14\n",
      "\n",
      "\n"
     ]
    }
   ],
   "source": [
    "import numpy as np\n",
    "import math\n",
    "\n",
    "cordinate_matrix=np.array([(0,0),(0.5,0),(0.5,0.25),(0,0.25),(0.25,0.125)])\n",
    "\n",
    "element_connectivity=np.array([(1,2,5),(5,2,3),(5,3,4),(1,5,4),])\n",
    "\n",
    "dof=2*len(cordinate_matrix)\n",
    "\n",
    "structure_stiffness=np.zeros((dof,dof))\n",
    "\n",
    "thickness=float(input('Thickness of element in metres'))\n",
    "E=float(input(\"Enter Young's Modulus in GPa\"))\n",
    "nu=float(input(\"Enter Poisson's ratio\"))\n",
    "\n",
    "for i in range(0,len(element_connectivity)):\n",
    "    \n",
    "    fnode=element_connectivity[i][0]\n",
    "    snode=element_connectivity[i][1]\n",
    "    tnode=element_connectivity[i][2]\n",
    "    fnodecordinate=cordinate_matrix[fnode-1][:]\n",
    "    snodecordinate=cordinate_matrix[snode-1][:]\n",
    "    tnodecordinate=cordinate_matrix[tnode-1][:]\n",
    "    association_matrix=[2*fnode-1,2*fnode,2*snode-1,2*snode,2*tnode-1,2*tnode]\n",
    "    x1=fnodecordinate[0]\n",
    "    y1=fnodecordinate[1]\n",
    "    x2=snodecordinate[0]\n",
    "    y2=snodecordinate[1]  \n",
    "    x3=tnodecordinate[0]\n",
    "    y3=tnodecordinate[1]\n",
    "    area=(x1*(y2-y3)+x2*(y3-y1)+x3*(y1-y2))*0.5\n",
    "  \n",
    "    b1=y2-y3\n",
    "    b2=y3-y1\n",
    "    b3=y1-y2\n",
    "    a1=x3-x2\n",
    "    a2=x1-x3\n",
    "    a3=x2-x1\n",
    "    B_matrix = np.array([(b1,0, b2, 0,b3,0),(0,a1,0,a2,0,a3),(a1,b1,a2,b2,a3,b3)]) \n",
    "    B_matrix=(0.5/area)*B_matrix\n",
    "    transpose_B_matrix=np.transpose(B_matrix)\n",
    "    D=np.array([(1,nu,0),(nu,1,0),(0,0,(1-nu)*0.5)])\n",
    "    D=E*(10**9)/(1-nu**2)*D\n",
    "    local_element_stiffness=area*thickness*transpose_B_matrix@D@B_matrix\n",
    "    print('local_element_stiffness  \\n',local_element_stiffness)\n",
    "    print('\\n')\n",
    "    expanded_element_stiffness=np.zeros((dof,dof))\n",
    "    for j in range(0,6):\n",
    "        for k in range (0,6):\n",
    "             expanded_element_stiffness[association_matrix[j]-1,association_matrix[k]-1]=local_element_stiffness[j,k]\n",
    "    expanded_element_stiffness=np.round(expanded_element_stiffness,3)         \n",
    "    print('expanded_element_stiffness  \\n',expanded_element_stiffness)\n",
    "    print('\\n')         \n",
    "    structure_stiffness=structure_stiffness+expanded_element_stiffness\n",
    "\n",
    "print('structure stiffness matrix: \\n', structure_stiffness)\n",
    "print('\\n')\n",
    "\n",
    "force=np.zeros(dof)\n",
    "displacement=np.zeros(dof)\n",
    "force[2]=9375\n",
    "force[4]=9375\n",
    "force1=np.delete(force, [0, 1,6,7], 0)\n",
    "print(force,force1)\n",
    "stiffness=np.delete(structure_stiffness, [0, 1,6,7], 0)\n",
    "stiffness=np.delete(stiffness, [0, 1,6,7], 1)\n",
    "print(\"stiffness \\n\",stiffness)\n",
    "print('\\n') \n",
    "inv_stiffness=np.linalg.inv(stiffness)\n",
    "displacement1=inv_stiffness@force1\n",
    "displacement[2]=displacement1[0]\n",
    "displacement[3]=displacement1[1]\n",
    "displacement[4]=displacement1[2]\n",
    "displacement[5]=displacement1[3]\n",
    "displacement[8]=displacement1[4]\n",
    "displacement[9]=displacement1[5]\n",
    "\n",
    "force=structure_stiffness@displacement\n",
    "force=np.round(force,4)\n",
    "\n",
    "print('Reaction in Newton and Displacement in metre:\\n')\n",
    "print(('Force Vector \\n',force))\n",
    "print('\\n') \n",
    "print(('Displacement Vector\\n',displacement))\n",
    "print('\\n')\n",
    "                  \n",
    "print('rx1=',(force[0])) \n",
    "print('ry1=',(force[1]))  \n",
    "print('rx4=',(force[6]))\n",
    "print('ry4=',(force[7]))\n",
    "print('\\n')\n",
    "print('displacement of 2nd node in (x,y)=(',displacement[2],',',displacement[3],')')                   \n",
    "print('displacement of 3nd node in (x,y)=(',displacement[4],',',displacement[5],')')   \n",
    "print('\\n')                            \n",
    "stress=np.zeros(3)\n",
    "u=np.zeros(6)\n",
    "for i in range(0,len(element_connectivity)):\n",
    "    fnode=element_connectivity[i][0]\n",
    "    snode=element_connectivity[i][1]\n",
    "    tnode=element_connectivity[i][2]\n",
    "    fnodecordinate=cordinate_matrix[fnode-1][:]\n",
    "    snodecordinate=cordinate_matrix[snode-1][:]\n",
    "    tnodecordinate=cordinate_matrix[tnode-1][:]\n",
    "    association_matrix=[2*fnode-1,2*fnode,2*snode-1,2*snode,2*tnode-1,2*tnode]\n",
    "    x1=fnodecordinate[0]\n",
    "    y1=fnodecordinate[1]\n",
    "    x2=snodecordinate[0]\n",
    "    y2=snodecordinate[1]  \n",
    "    x3=tnodecordinate[0]\n",
    "    y3=tnodecordinate[1]\n",
    "    area=(x1*(y2-y3)+x2*(y3-y1)+x3*(y1-y2))*0.5\n",
    "    b1=y2-y3\n",
    "    b2=y3-y1\n",
    "    b3=y1-y2\n",
    "    a1=x2-x3\n",
    "    a2=x3-x1\n",
    "    a3=x1-x3\n",
    "    B_matrix = np.array([(b1,0, b2, 0,b3,0),(0,a1,0,a2,0,a3),(a1,b1,a2,b2,a3,b3)]) \n",
    "    B_matrix=(0.5/area)*B_matrix\n",
    "   \n",
    "    D=np.array([(1,nu,0),(nu,1,0),(0,0,(1-nu)*0.5)])\n",
    "    D=E*(10**9)/(1-nu**2)*D\n",
    "    \n",
    "    \n",
    "    for j in range(0,6):\n",
    "        u[j]=displacement[association_matrix[j]-1]\n",
    "    #print(u)\n",
    "    stress=D@B_matrix@u\n",
    "    print('Stress(N/m^2) in',i,'th element \\n',stress)\n",
    "    print('\\n')\n",
    "    C = (stress[0] + stress[1])/2\n",
    "    R = ((stress[0] - stress[1])/2)**2 + (stress[2])**2\n",
    "    M = 2*stress[2]/(stress[0] - stress[1])\n",
    "    s1=C+(R)**0.5\n",
    "    s2=C-(R)**0.5\n",
    "    pi=math.pi\n",
    "    theta = math.atan((M)/2)*180/pi\n",
    "    print(' Principal stress(N/m^2) and thetap in',i,'th element \\n',s1,s2,theta)\n",
    "    print('\\n')\n"
   ]
  },
  {
   "cell_type": "code",
   "execution_count": null,
   "id": "666a5017",
   "metadata": {},
   "outputs": [],
   "source": []
  }
 ],
 "metadata": {
  "kernelspec": {
   "display_name": "Python 3",
   "language": "python",
   "name": "python3"
  },
  "language_info": {
   "codemirror_mode": {
    "name": "ipython",
    "version": 3
   },
   "file_extension": ".py",
   "mimetype": "text/x-python",
   "name": "python",
   "nbconvert_exporter": "python",
   "pygments_lexer": "ipython3",
   "version": "3.8.8"
  }
 },
 "nbformat": 4,
 "nbformat_minor": 5
}
