{
  "nbformat": 4,
  "nbformat_minor": 5,
  "metadata": {
    "colab": {
      "name": "Quiz.ipynb",
      "provenance": [],
      "collapsed_sections": []
    },
    "language_info": {
      "name": "python"
    },
    "kernelspec": {
      "name": "python3",
      "display_name": "Python 3"
    }
  },
  "cells": [
    {
      "cell_type": "code",
      "metadata": {
        "id": "XiI7nAVVBxDe",
        "colab": {
          "base_uri": "https://localhost:8080/"
        },
        "outputId": "9568af49-3b35-45eb-d5cb-f2d5c984544d"
      },
      "source": [
        "import numpy as np\n",
        "E=210000000\n",
        "v=0.3\n",
        "t=0.025\n",
        "w=3000\n",
        "xi,yi = (0,0)\n",
        "xj,yj = (0.5,0.25)\n",
        "xm,ym = (0,0.25)\n",
        "\n",
        "xp,yp = (0,0)\n",
        "xq,yq = (0.5,0)\n",
        "xr,yr = (0.5,0.25)\n",
        "\n",
        "A1 = (xi*(yj-ym)+xj*(ym-yi)+xm*(yi-yj))/2\n",
        "A2 = (xp*(yq-yr)+xq*(yr-yp)+xr*(yp-yq))/2\n",
        "B1 = (np.array([yj-ym,0,ym-yi,0,yi-yj,0,0,xm-xj,0,xi-xm,0,xj-xi,xm-xj,yj-ym,xi-xm,ym-yi,xj-xi,yi-yj]).reshape((3,6)))/(2*A1)\n",
        "B2 = (np.array([yq-yr,0,yr-yp,0,yp-yq,0,0,xr-xq,0,xp-xr,0,xq-xp,xr-xq,yq-yr,xp-xr,yr-yp,xq-xp,yp-yq]).reshape((3,6)))/(2*A2)\n",
        "D = (E/(1-v**2)) * (np.array([1,v,0,v,1,0,0,0,(1-v)/2]).reshape((3,3)))\n",
        "B1_T = B1.transpose()\n",
        "k1 = t*A1*B1_T\n",
        "k11=np.matmul(k1,D)\n",
        "k111=np.matmul(k11,B1)\n",
        "#print(k111)\n",
        "B2_T = B2.transpose()\n",
        "k2 = t*A2*B2_T\n",
        "k22=np.matmul(k2,D)\n",
        "k222=np.matmul(k22,B2)\n",
        "#print(k222)\n",
        "tsm = np.zeros((8,8))\n",
        "\n",
        "tsm[0:2,0:2] += k111[0:2,0:2]\n",
        "tsm[0:2,4:8] += k111[0:2,2:6]\n",
        "tsm[4:8,0:2] += k111[2:6,0:2]\n",
        "tsm[4:8,4:8] += k111[2:6,2:6]\n",
        "\n",
        "tsm[0:4,0:4] += k222[0:4,0:4]\n",
        "tsm[0:4,4:6] += k222[0:4,4:6]\n",
        "tsm[4:6,0:4] += k222[4:6,0:4]\n",
        "tsm[4:6,4:6] += k222[4:6,4:6]\n",
        "print ('Total Stiffness Matrix : \\n' , tsm)\n",
        "u=[0,0,1,1,1,1,0,0]\n",
        "F = np.array([9.375,0,9.375,0]).reshape((4,1))\n",
        "\n",
        "\n",
        "count = 0\n",
        "for i in u:\n",
        "  if i==1:\n",
        "    count+=1\n",
        "\n",
        "reduced_m = []\n",
        "for i in range(8):\n",
        "  for j in range(8):\n",
        "    if u[i]*u[j] == 1:\n",
        "      reduced_m.append(tsm[i][j])\n",
        "reduced_m = np.array(reduced_m).reshape((count,count))\n",
        "#print(reduced_m)\n",
        "\n",
        "disp = np.linalg.solve(reduced_m, F)\n",
        "print('Displacement: \\n', disp)\n",
        "\n",
        "disp_mat = np.zeros((8,1))\n",
        "disp_mat[2:6,0] += disp[0:4,0]\n",
        "\n",
        "reactions=np.matmul(tsm, disp_mat)\n",
        "print(\"Reactions:\\n\",reactions)\n",
        "u1 = np.zeros((6,1))\n",
        "u1[2:4,0] += disp[2:4,0]\n",
        "u2 = np.zeros((6,1))\n",
        "u2[2:6,0] += disp[0:4,0]\n",
        "sigma1 = np.matmul(np.matmul(D,B1),u1)\n",
        "print('Sigma 1 : \\n', sigma1)\n",
        "sigma2 = np.matmul(np.matmul(D,B2),u2)\n",
        "print('Sigma 2 : \\n', sigma2)"
      ],
      "id": "XiI7nAVVBxDe",
      "execution_count": 5,
      "outputs": [
        {
          "output_type": "stream",
          "name": "stdout",
          "text": [
            "Total Stiffness Matrix : \n",
            " [[ 3461538.46153846        0.         -1442307.69230769   865384.61538462\n",
            "         0.         -1875000.         -2019230.76923077  1009615.38461538]\n",
            " [       0.          6274038.46153846  1009615.38461538  -504807.69230769\n",
            "  -1875000.                0.           865384.61538462 -5769230.76923077]\n",
            " [-1442307.69230769  1009615.38461538  3461538.46153846 -1875000.\n",
            "  -2019230.76923077   865384.61538462        0.                0.        ]\n",
            " [  865384.61538462  -504807.69230769 -1875000.          6274038.46153846\n",
            "   1009615.38461538 -5769230.76923077        0.                0.        ]\n",
            " [       0.         -1875000.         -2019230.76923077  1009615.38461538\n",
            "   3461538.46153846        0.         -1442307.69230769   865384.61538462]\n",
            " [-1875000.                0.           865384.61538462 -5769230.76923077\n",
            "         0.          6274038.46153846  1009615.38461538  -504807.69230769]\n",
            " [-2019230.76923077   865384.61538462        0.                0.\n",
            "  -1442307.69230769  1009615.38461538  3461538.46153846 -1875000.        ]\n",
            " [ 1009615.38461538 -5769230.76923077        0.                0.\n",
            "    865384.61538462  -504807.69230769 -1875000.          6274038.46153846]]\n",
            "Displacement: \n",
            " [[7.11111747e-06]\n",
            " [1.11517786e-06]\n",
            " [6.53122498e-06]\n",
            " [4.46071143e-08]]\n",
            "Reactions:\n",
            " [[-9.37500000e+00]\n",
            " [-5.62950360e+00]\n",
            " [ 9.37500000e+00]\n",
            " [ 3.55271368e-15]\n",
            " [ 9.37500000e+00]\n",
            " [-1.77635684e-15]\n",
            " [-9.37500000e+00]\n",
            " [ 5.62950360e+00]]\n",
            "Sigma 1 : \n",
            " [[3014.41152922]\n",
            " [ 904.32345877]\n",
            " [   7.20576461]]\n",
            "Sigma 2 : \n",
            " [[2985.58847078]\n",
            " [  -3.60288231]\n",
            " [  -7.20576461]]\n"
          ]
        }
      ]
    }
  ]
}